cart=0 steps home=0 steps raw=0 active=no ena=OFF enaPin=LOW dir=CW dir26=LOW dir33=HIGH commanded=+0 steps/s current=+0 steps/s homeStop=clear homed=no homing=no travel=0 steps centerHome=0 steps limits=[0,0]
mode=MANUAL telemetry=OFF sensor=online ack=yes rawRead=yes i2c=0 readUs=297 maxReadUs=661 sample=yes angleRef=no(UNSET) cartCenter=0 steps angle=0.0000 rad (0.00 deg) cartVel=0.00 steps/s angleVel=0.0000 rad/s sampleTs=62369185 K=[-2.172154 -2.726762 -297368.531250 -31334.011719]
Angle log enabled: buffer=2048 samples at target 250 Hz
Angle log: ON samples=2048/2048 wrapped=yes
Angle log timing: teacherTimerCallbacks=3118 teacherTaskWakes=3118 teacherTaskNotifications=3118
Angle log session: start_us=67864416 stop_us=0 duration_us=12472719
Angle log disabled
ANGLE_LOG_SESSION_HEADER,start_us,stop_us,duration_us,teacher_timer_callbacks_at_stop,teacher_task_wakes_at_stop,teacher_task_notifications_at_stop,samples
ANGLE_LOG_SESSION,67864416,88744433,20880017,5220,5220,5220,2048
ANGLE_LOG_DIAG_HEADER,teacher_timer_callbacks,teacher_task_wakes,teacher_task_notifications,samples
ANGLE_LOG_DIAG,5220,5220,5220,2048
ANGLE_LOG_HEADER,index,timestamp_us,sample_dt_us,angle_raw_counts
ANGLE_LOG,0,80556108,4000,3503
ANGLE_LOG,1,80560108,4000,3503
ANGLE_LOG,2,80564135,4027,3503
ANGLE_LOG,3,80568108,3973,3503
ANGLE_LOG,4,80572108,4000,3503
ANGLE_LOG,5,80576108,4000,3503
ANGLE_LOG,6,80580108,4000,3503
ANGLE_LOG,7,80584135,4027,3503
ANGLE_LOG,8,80588108,3973,3503
ANGLE_LOG,9,80592108,4000,3503
ANGLE_LOG,10,80596108,4000,3503
ANGLE_LOG,11,80600108,4000,3503
ANGLE_LOG,12,80604135,4027,3503
ANGLE_LOG,13,80608108,3973,3503
ANGLE_LOG,14,80612108,4000,3503
ANGLE_LOG,15,80616108,4000,3503
ANGLE_LOG,16,80620108,4000,3503
ANGLE_LOG,17,80624135,4027,3503
ANGLE_LOG,18,80628108,3973,3503
ANGLE_LOG,19,80632108,4000,3503
ANGLE_LOG,20,80636108,4000,3503
ANGLE_LOG,21,80640108,4000,3503
ANGLE_LOG,22,80644135,4027,3503
ANGLE_LOG,23,80648108,3973,3503
ANGLE_LOG,24,80652108,4000,3503
ANGLE_LOG,25,80656108,4000,3503
ANGLE_LOG,26,80660108,4000,3503
ANGLE_LOG,27,80664135,4027,3503
ANGLE_LOG,28,80668108,3973,3503
ANGLE_LOG,29,80672108,4000,3503
ANGLE_LOG,30,80676108,4000,3503
ANGLE_LOG,31,80680108,4000,3503
ANGLE_LOG,32,80684135,4027,3503
ANGLE_LOG,33,80688108,3973,3503
ANGLE_LOG,34,80692108,4000,3503
ANGLE_LOG,35,80696108,4000,3503
ANGLE_LOG,36,80700108,4000,3503
ANGLE_LOG,37,80704135,4027,3503
ANGLE_LOG,38,80708108,3973,3503
ANGLE_LOG,39,80712108,4000,3503
ANGLE_LOG,40,80716108,4000,3503
ANGLE_LOG,41,80720108,4000,3503
ANGLE_LOG,42,80724135,4027,3503
ANGLE_LOG,43,80728108,3973,3503
ANGLE_LOG,44,80732108,4000,3503
ANGLE_LOG,45,80736108,4000,3503
ANGLE_LOG,46,80740108,4000,3503
ANGLE_LOG,47,80744135,4027,3503
ANGLE_LOG,48,80748108,3973,3503
ANGLE_LOG,49,80752108,4000,3503
ANGLE_LOG,50,80756108,4000,3503
ANGLE_LOG,51,80760108,4000,3503
ANGLE_LOG,52,80764135,4027,3503
ANGLE_LOG,53,80768108,3973,3503
ANGLE_LOG,54,80772108,4000,3503
ANGLE_LOG,55,80776108,4000,3503
ANGLE_LOG,56,80780108,4000,3503
ANGLE_LOG,57,80784135,4027,3503
ANGLE_LOG,58,80788108,3973,3503
ANGLE_LOG,59,80792108,4000,3503
ANGLE_LOG,60,80796108,4000,3503
ANGLE_LOG,61,80800108,4000,3503
ANGLE_LOG,62,80804135,4027,3503
ANGLE_LOG,63,80808108,3973,3503
ANGLE_LOG,64,80812108,4000,3503
ANGLE_LOG,65,80816108,4000,3503
ANGLE_LOG,66,80820108,4000,3503
ANGLE_LOG,67,80824135,4027,3503
ANGLE_LOG,68,80828108,3973,3503
ANGLE_LOG,69,80832108,4000,3503
ANGLE_LOG,70,80836108,4000,3503
ANGLE_LOG,71,80840108,4000,3503
ANGLE_LOG,72,80844135,4027,3503
ANGLE_LOG,73,80848108,3973,3503
ANGLE_LOG,74,80852108,4000,3503
ANGLE_LOG,75,80856108,4000,3503
ANGLE_LOG,76,80860108,4000,3503
ANGLE_LOG,77,80864135,4027,3503
ANGLE_LOG,78,80868108,3973,3503
ANGLE_LOG,79,80872108,4000,3503
ANGLE_LOG,80,80876108,4000,3503
ANGLE_LOG,81,80880108,4000,3503
ANGLE_LOG,82,80884135,4027,3503
ANGLE_LOG,83,80888108,3973,3503
ANGLE_LOG,84,80892108,4000,3503
ANGLE_LOG,85,80896108,4000,3503
ANGLE_LOG,86,80900108,4000,3503
ANGLE_LOG,87,80904135,4027,3503
ANGLE_LOG,88,80908108,3973,3503
ANGLE_LOG,89,80912108,4000,3503
ANGLE_LOG,90,80916108,4000,3503
ANGLE_LOG,91,80920108,4000,3503
ANGLE_LOG,92,80924135,4027,3503
ANGLE_LOG,93,80928108,3973,3503
ANGLE_LOG,94,80932108,4000,3503
ANGLE_LOG,95,80936108,4000,3503
ANGLE_LOG,96,80940108,4000,3503
ANGLE_LOG,97,80944135,4027,3503
ANGLE_LOG,98,80948108,3973,3503
ANGLE_LOG,99,80952108,4000,3503
ANGLE_LOG,100,80956108,4000,3503
ANGLE_LOG,101,80960108,4000,3503
ANGLE_LOG,102,80964135,4027,3503
ANGLE_LOG,103,80968108,3973,3503
ANGLE_LOG,104,80972108,4000,3503
ANGLE_LOG,105,80976108,4000,3503
ANGLE_LOG,106,80980108,4000,3503
ANGLE_LOG,107,80984135,4027,3503
ANGLE_LOG,108,80988108,3973,3503
ANGLE_LOG,109,80992108,4000,3503
ANGLE_LOG,110,80996108,4000,3503
ANGLE_LOG,111,81000108,4000,3503
ANGLE_LOG,112,81004135,4027,3503
ANGLE_LOG,113,81008108,3973,3503
ANGLE_LOG,114,81012108,4000,3503
ANGLE_LOG,115,81016108,4000,3503
ANGLE_LOG,116,81020108,4000,3503
ANGLE_LOG,117,81024135,4027,3503
ANGLE_LOG,118,81028108,3973,3503
ANGLE_LOG,119,81032108,4000,3503
ANGLE_LOG,120,81036108,4000,3503
ANGLE_LOG,121,81040108,4000,3503
ANGLE_LOG,122,81044135,4027,3503
ANGLE_LOG,123,81048108,3973,3503
ANGLE_LOG,124,81052108,4000,3503
ANGLE_LOG,125,81056108,4000,3503
ANGLE_LOG,126,81060108,4000,3503
ANGLE_LOG,127,81064135,4027,3503
ANGLE_LOG,128,81068108,3973,3503
ANGLE_LOG,129,81072108,4000,3503
ANGLE_LOG,130,81076108,4000,3503
ANGLE_LOG,131,81080108,4000,3503
ANGLE_LOG,132,81084135,4027,3503
ANGLE_LOG,133,81088108,3973,3503
ANGLE_LOG,134,81092108,4000,3503
ANGLE_LOG,135,81096108,4000,3503
ANGLE_LOG,136,81100108,4000,3503
ANGLE_LOG,137,81104135,4027,3503
ANGLE_LOG,138,81108108,3973,3503
ANGLE_LOG,139,81112108,4000,3503
ANGLE_LOG,140,81116108,4000,3503
ANGLE_LOG,141,81120108,4000,3503
ANGLE_LOG,142,81124135,4027,3503
ANGLE_LOG,143,81128108,3973,3503
ANGLE_LOG,144,81132108,4000,3503
ANGLE_LOG,145,81136108,4000,3503
ANGLE_LOG,146,81140108,4000,3503
ANGLE_LOG,147,81144135,4027,3503
ANGLE_LOG,148,81148108,3973,3503
ANGLE_LOG,149,81152108,4000,3503
ANGLE_LOG,150,81156108,4000,3503
ANGLE_LOG,151,81160108,4000,3503
ANGLE_LOG,152,81164135,4027,3503
ANGLE_LOG,153,81168108,3973,3503
ANGLE_LOG,154,81172108,4000,3503
ANGLE_LOG,155,81176108,4000,3503
ANGLE_LOG,156,81180108,4000,3503
ANGLE_LOG,157,81184135,4027,3503
ANGLE_LOG,158,81188108,3973,3503
ANGLE_LOG,159,81192108,4000,3503
ANGLE_LOG,160,81196108,4000,3503
ANGLE_LOG,161,81200108,4000,3503
ANGLE_LOG,162,81204135,4027,3503
ANGLE_LOG,163,81208108,3973,3503
ANGLE_LOG,164,81212108,4000,3503
ANGLE_LOG,165,81216108,4000,3503
ANGLE_LOG,166,81220108,4000,3503
ANGLE_LOG,167,81224135,4027,3503
ANGLE_LOG,168,81228108,3973,3503
ANGLE_LOG,169,81232108,4000,3503
ANGLE_LOG,170,81236108,4000,3503
ANGLE_LOG,171,81240108,4000,3503
ANGLE_LOG,172,81244135,4027,3503
ANGLE_LOG,173,81248108,3973,3503
ANGLE_LOG,174,81252108,4000,3503
ANGLE_LOG,175,81256108,4000,3503
ANGLE_LOG,176,81260108,4000,3503
ANGLE_LOG,177,81264135,4027,3503
ANGLE_LOG,178,81268108,3973,3503
ANGLE_LOG,179,81272108,4000,3503
ANGLE_LOG,180,81276108,4000,3503
ANGLE_LOG,181,81280108,4000,3503
ANGLE_LOG,182,81284135,4027,3503
ANGLE_LOG,183,81288108,3973,3503
ANGLE_LOG,184,81292108,4000,3503
ANGLE_LOG,185,81296108,4000,3503
ANGLE_LOG,186,81300108,4000,3503
ANGLE_LOG,187,81304135,4027,3503
ANGLE_LOG,188,81308108,3973,3503
ANGLE_LOG,189,81312108,4000,3503
ANGLE_LOG,190,81316108,4000,3503
ANGLE_LOG,191,81320108,4000,3503
ANGLE_LOG,192,81324135,4027,3503
ANGLE_LOG,193,81328108,3973,3503
ANGLE_LOG,194,81332108,4000,3503
ANGLE_LOG,195,81336108,4000,3503
ANGLE_LOG,196,81340108,4000,3503
ANGLE_LOG,197,81344135,4027,3503
ANGLE_LOG,198,81348108,3973,3503
ANGLE_LOG,199,81352108,4000,3503
ANGLE_LOG,200,81356108,4000,3503
ANGLE_LOG,201,81360108,4000,3503
ANGLE_LOG,202,81364135,4027,3503
ANGLE_LOG,203,81368108,3973,3503
ANGLE_LOG,204,81372108,4000,3503
ANGLE_LOG,205,81376108,4000,3503
ANGLE_LOG,206,81380108,4000,3503
ANGLE_LOG,207,81384135,4027,3503
ANGLE_LOG,208,81388108,3973,3503
ANGLE_LOG,209,81392108,4000,3503
ANGLE_LOG,210,81396108,4000,3503
ANGLE_LOG,211,81400108,4000,3503
ANGLE_LOG,212,81404135,4027,3503
ANGLE_LOG,213,81408108,3973,3503
ANGLE_LOG,214,81412108,4000,3503
ANGLE_LOG,215,81416108,4000,3503
ANGLE_LOG,216,81420108,4000,3503
ANGLE_LOG,217,81424135,4027,3503
ANGLE_LOG,218,81428108,3973,3503
ANGLE_LOG,219,81432108,4000,3503
ANGLE_LOG,220,81436108,4000,3503
ANGLE_LOG,221,81440108,4000,3503
ANGLE_LOG,222,81444135,4027,3503
ANGLE_LOG,223,81448108,3973,3503
ANGLE_LOG,224,81452108,4000,3503
ANGLE_LOG,225,81456108,4000,3503
ANGLE_LOG,226,81460108,4000,3503
ANGLE_LOG,227,81464135,4027,3503
ANGLE_LOG,228,81468108,3973,3503
ANGLE_LOG,229,81472108,4000,3503
ANGLE_LOG,230,81476108,4000,3503
ANGLE_LOG,231,81480108,4000,3503
ANGLE_LOG,232,81484135,4027,3503
ANGLE_LOG,233,81488108,3973,3503
ANGLE_LOG,234,81492108,4000,3503
ANGLE_LOG,235,81496108,4000,3503
ANGLE_LOG,236,81500108,4000,3503
ANGLE_LOG,237,81504135,4027,3503
ANGLE_LOG,238,81508108,3973,3503
ANGLE_LOG,239,81512108,4000,3503
ANGLE_LOG,240,81516108,4000,3503
ANGLE_LOG,241,81520108,4000,3503
ANGLE_LOG,242,81524135,4027,3503
ANGLE_LOG,243,81528108,3973,3503
ANGLE_LOG,244,81532108,4000,3503
ANGLE_LOG,245,81536108,4000,3503
ANGLE_LOG,246,81540108,4000,3503
ANGLE_LOG,247,81544135,4027,3503
ANGLE_LOG,248,81548108,3973,3503
ANGLE_LOG,249,81552108,4000,3503
ANGLE_LOG,250,81556108,4000,3503
ANGLE_LOG,251,81560108,4000,3503
ANGLE_LOG,252,81564135,4027,3503
ANGLE_LOG,253,81568108,3973,3503
ANGLE_LOG,254,81572108,4000,3503
ANGLE_LOG,255,81576108,4000,3503
ANGLE_LOG,256,81580108,4000,3503
ANGLE_LOG,257,81584135,4027,3503
ANGLE_LOG,258,81588108,3973,3503
ANGLE_LOG,259,81592108,4000,3503
ANGLE_LOG,260,81596108,4000,3503
ANGLE_LOG,261,81600108,4000,3503
ANGLE_LOG,262,81604135,4027,3503
ANGLE_LOG,263,81608108,3973,3503
ANGLE_LOG,264,81612108,4000,3503
ANGLE_LOG,265,81616108,4000,3503
ANGLE_LOG,266,81620108,4000,3503
ANGLE_LOG,267,81624135,4027,3503
ANGLE_LOG,268,81628108,3973,3503
ANGLE_LOG,269,81632108,4000,3503
ANGLE_LOG,270,81636108,4000,3503
ANGLE_LOG,271,81640108,4000,3503
ANGLE_LOG,272,81644135,4027,3503
ANGLE_LOG,273,81648108,3973,3503
ANGLE_LOG,274,81652108,4000,3503
ANGLE_LOG,275,81656108,4000,3503
ANGLE_LOG,276,81660108,4000,3503
ANGLE_LOG,277,81664135,4027,3503
ANGLE_LOG,278,81668108,3973,3503
ANGLE_LOG,279,81672108,4000,3503
ANGLE_LOG,280,81676108,4000,3503
ANGLE_LOG,281,81680108,4000,3503
ANGLE_LOG,282,81684135,4027,3503
ANGLE_LOG,283,81688108,3973,3503
ANGLE_LOG,284,81692108,4000,3503
ANGLE_LOG,285,81696108,4000,3503
ANGLE_LOG,286,81700108,4000,3503
ANGLE_LOG,287,81704135,4027,3503
ANGLE_LOG,288,81708108,3973,3503
ANGLE_LOG,289,81712108,4000,3503
ANGLE_LOG,290,81716108,4000,3503
ANGLE_LOG,291,81720108,4000,3503
ANGLE_LOG,292,81724135,4027,3503
ANGLE_LOG,293,81728108,3973,3503
ANGLE_LOG,294,81732108,4000,3503
ANGLE_LOG,295,81736108,4000,3503
ANGLE_LOG,296,81740108,4000,3503
ANGLE_LOG,297,81744135,4027,3503
ANGLE_LOG,298,81748108,3973,3503
ANGLE_LOG,299,81752108,4000,3503
ANGLE_LOG,300,81756108,4000,3503
ANGLE_LOG,301,81760108,4000,3503
ANGLE_LOG,302,81764135,4027,3503
ANGLE_LOG,303,81768108,3973,3503
ANGLE_LOG,304,81772108,4000,3503
ANGLE_LOG,305,81776108,4000,3503
ANGLE_LOG,306,81780108,4000,3503
ANGLE_LOG,307,81784135,4027,3503
ANGLE_LOG,308,81788108,3973,3503
ANGLE_LOG,309,81792108,4000,3503
ANGLE_LOG,310,81796108,4000,3503
ANGLE_LOG,311,81800108,4000,3503
ANGLE_LOG,312,81804135,4027,3503
ANGLE_LOG,313,81808108,3973,3503
ANGLE_LOG,314,81812108,4000,3503
ANGLE_LOG,315,81816108,4000,3503
ANGLE_LOG,316,81820108,4000,3503
ANGLE_LOG,317,81824135,4027,3503
ANGLE_LOG,318,81828108,3973,3503
ANGLE_LOG,319,81832108,4000,3503
ANGLE_LOG,320,81836108,4000,3503
ANGLE_LOG,321,81840108,4000,3503
ANGLE_LOG,322,81844135,4027,3503
ANGLE_LOG,323,81848108,3973,3503
ANGLE_LOG,324,81852108,4000,3503
ANGLE_LOG,325,81856108,4000,3503
ANGLE_LOG,326,81860108,4000,3503
ANGLE_LOG,327,81864135,4027,3503
ANGLE_LOG,328,81868108,3973,3503
ANGLE_LOG,329,81872108,4000,3503
ANGLE_LOG,330,81876108,4000,3503
ANGLE_LOG,331,81880108,4000,3503
ANGLE_LOG,332,81884135,4027,3503
ANGLE_LOG,333,81888108,3973,3503
ANGLE_LOG,334,81892108,4000,3503
ANGLE_LOG,335,81896108,4000,3503
ANGLE_LOG,336,81900108,4000,3503
ANGLE_LOG,337,81904135,4027,3503
ANGLE_LOG,338,81908108,3973,3503
ANGLE_LOG,339,81912108,4000,3503
ANGLE_LOG,340,81916108,4000,3503
ANGLE_LOG,341,81920108,4000,3503
ANGLE_LOG,342,81924135,4027,3503
ANGLE_LOG,343,81928108,3973,3503
ANGLE_LOG,344,81932108,4000,3503
ANGLE_LOG,345,81936108,4000,3503
ANGLE_LOG,346,81940108,4000,3503
ANGLE_LOG,347,81944135,4027,3503
ANGLE_LOG,348,81948108,3973,3503
ANGLE_LOG,349,81952108,4000,3503
ANGLE_LOG,350,81956108,4000,3503
ANGLE_LOG,351,81960108,4000,3503
ANGLE_LOG,352,81964135,4027,3503
ANGLE_LOG,353,81968108,3973,3503
ANGLE_LOG,354,81972108,4000,3503
ANGLE_LOG,355,81976108,4000,3503
ANGLE_LOG,356,81980108,4000,3503
ANGLE_LOG,357,81984135,4027,3503
ANGLE_LOG,358,81988108,3973,3503
ANGLE_LOG,359,81992108,4000,3503
ANGLE_LOG,360,81996108,4000,3503
ANGLE_LOG,361,82000108,4000,3503
ANGLE_LOG,362,82004135,4027,3503
ANGLE_LOG,363,82008108,3973,3503
ANGLE_LOG,364,82012108,4000,3503
ANGLE_LOG,365,82016108,4000,3503
ANGLE_LOG,366,82020108,4000,3503
ANGLE_LOG,367,82024135,4027,3503
ANGLE_LOG,368,82028108,3973,3503
ANGLE_LOG,369,82032108,4000,3503
ANGLE_LOG,370,82036108,4000,3503
ANGLE_LOG,371,82040108,4000,3503
ANGLE_LOG,372,82044135,4027,3503
ANGLE_LOG,373,82048108,3973,3503
ANGLE_LOG,374,82052108,4000,3503
ANGLE_LOG,375,82056108,4000,3503
ANGLE_LOG,376,82060108,4000,3503
ANGLE_LOG,377,82064135,4027,3503
ANGLE_LOG,378,82068108,3973,3503
ANGLE_LOG,379,82072108,4000,3503
ANGLE_LOG,380,82076108,4000,3503
ANGLE_LOG,381,82080108,4000,3503
ANGLE_LOG,382,82084135,4027,3503
ANGLE_LOG,383,82088108,3973,3503
ANGLE_LOG,384,82092108,4000,3503
ANGLE_LOG,385,82096108,4000,3503
ANGLE_LOG,386,82100108,4000,3503
ANGLE_LOG,387,82104135,4027,3503
ANGLE_LOG,388,82108108,3973,3503
ANGLE_LOG,389,82112108,4000,3503
ANGLE_LOG,390,82116108,4000,3503
ANGLE_LOG,391,82120107,3999,3503
ANGLE_LOG,392,82124135,4028,3503
ANGLE_LOG,393,82128108,3973,3503
ANGLE_LOG,394,82132108,4000,3503
ANGLE_LOG,395,82136108,4000,3503
ANGLE_LOG,396,82140108,4000,3503
ANGLE_LOG,397,82144135,4027,3503
ANGLE_LOG,398,82148108,3973,3503
ANGLE_LOG,399,82152108,4000,3503
ANGLE_LOG,400,82156108,4000,3503
ANGLE_LOG,401,82160108,4000,3503
ANGLE_LOG,402,82164135,4027,3503
ANGLE_LOG,403,82168108,3973,3503
ANGLE_LOG,404,82172108,4000,3503
ANGLE_LOG,405,82176108,4000,3503
ANGLE_LOG,406,82180108,4000,3503
ANGLE_LOG,407,82184135,4027,3503
ANGLE_LOG,408,82188108,3973,3503
ANGLE_LOG,409,82192108,4000,3503
ANGLE_LOG,410,82196108,4000,3503
ANGLE_LOG,411,82200108,4000,3503
ANGLE_LOG,412,82204135,4027,3503
ANGLE_LOG,413,82208108,3973,3503
ANGLE_LOG,414,82212108,4000,3503
ANGLE_LOG,415,82216108,4000,3503
ANGLE_LOG,416,82220108,4000,3503
ANGLE_LOG,417,82224135,4027,3503
ANGLE_LOG,418,82228108,3973,3503
ANGLE_LOG,419,82232108,4000,3503
ANGLE_LOG,420,82236108,4000,3503
ANGLE_LOG,421,82240108,4000,3503
ANGLE_LOG,422,82244135,4027,3503
ANGLE_LOG,423,82248108,3973,3503
ANGLE_LOG,424,82252108,4000,3503
ANGLE_LOG,425,82256108,4000,3503
ANGLE_LOG,426,82260108,4000,3503
ANGLE_LOG,427,82264135,4027,3503
ANGLE_LOG,428,82268108,3973,3503
ANGLE_LOG,429,82272108,4000,3503
ANGLE_LOG,430,82276108,4000,3503
ANGLE_LOG,431,82280108,4000,3503
ANGLE_LOG,432,82284135,4027,3503
ANGLE_LOG,433,82288108,3973,3503
ANGLE_LOG,434,82292108,4000,3503
ANGLE_LOG,435,82296108,4000,3503
ANGLE_LOG,436,82300108,4000,3503
ANGLE_LOG,437,82304135,4027,3503
ANGLE_LOG,438,82308108,3973,3503
ANGLE_LOG,439,82312108,4000,3503
ANGLE_LOG,440,82316108,4000,3503
ANGLE_LOG,441,82320107,3999,3503
ANGLE_LOG,442,82324135,4028,3503
ANGLE_LOG,443,82328108,3973,3503
ANGLE_LOG,444,82332108,4000,3503
ANGLE_LOG,445,82336108,4000,3503
ANGLE_LOG,446,82340108,4000,3503
ANGLE_LOG,447,82344135,4027,3503
ANGLE_LOG,448,82348108,3973,3503
ANGLE_LOG,449,82352108,4000,3503
ANGLE_LOG,450,82356108,4000,3503
ANGLE_LOG,451,82360108,4000,3503
ANGLE_LOG,452,82364135,4027,3503
ANGLE_LOG,453,82368108,3973,3503
ANGLE_LOG,454,82372108,4000,3503
ANGLE_LOG,455,82376108,4000,3503
ANGLE_LOG,456,82380107,3999,3503
ANGLE_LOG,457,82384135,4028,3503
ANGLE_LOG,458,82388108,3973,3503
ANGLE_LOG,459,82392108,4000,3503
ANGLE_LOG,460,82396108,4000,3503
ANGLE_LOG,461,82400108,4000,3503
ANGLE_LOG,462,82404135,4027,3503
ANGLE_LOG,463,82408108,3973,3503
ANGLE_LOG,464,82412108,4000,3503
ANGLE_LOG,465,82416108,4000,3503
ANGLE_LOG,466,82420108,4000,3503
ANGLE_LOG,467,82424135,4027,3503
ANGLE_LOG,468,82428108,3973,3503
ANGLE_LOG,469,82432108,4000,3503
ANGLE_LOG,470,82436108,4000,3503
ANGLE_LOG,471,82440108,4000,3503
ANGLE_LOG,472,82444135,4027,3503
ANGLE_LOG,473,82448108,3973,3503
ANGLE_LOG,474,82452108,4000,3503
ANGLE_LOG,475,82456108,4000,3503
ANGLE_LOG,476,82460108,4000,3503
ANGLE_LOG,477,82464135,4027,3503
ANGLE_LOG,478,82468108,3973,3503
ANGLE_LOG,479,82472108,4000,3503
ANGLE_LOG,480,82476108,4000,3503
ANGLE_LOG,481,82480108,4000,3503
ANGLE_LOG,482,82484135,4027,3503
ANGLE_LOG,483,82488108,3973,3503
ANGLE_LOG,484,82492108,4000,3503
ANGLE_LOG,485,82496108,4000,3503
ANGLE_LOG,486,82500108,4000,3503
ANGLE_LOG,487,82504135,4027,3503
ANGLE_LOG,488,82508108,3973,3503
ANGLE_LOG,489,82512108,4000,3503
ANGLE_LOG,490,82516108,4000,3503
ANGLE_LOG,491,82520108,4000,3503
ANGLE_LOG,492,82524135,4027,3503
ANGLE_LOG,493,82528108,3973,3503
ANGLE_LOG,494,82532108,4000,3503
ANGLE_LOG,495,82536108,4000,3503
ANGLE_LOG,496,82540108,4000,3503
ANGLE_LOG,497,82544135,4027,3503
ANGLE_LOG,498,82548108,3973,3503
ANGLE_LOG,499,82552108,4000,3503
ANGLE_LOG,500,82556108,4000,3503
ANGLE_LOG,501,82560108,4000,3503
ANGLE_LOG,502,82564135,4027,3503
ANGLE_LOG,503,82568108,3973,3503
ANGLE_LOG,504,82572108,4000,3503
ANGLE_LOG,505,82576108,4000,3503
ANGLE_LOG,506,82580108,4000,3503
ANGLE_LOG,507,82584135,4027,3503
ANGLE_LOG,508,82588108,3973,3503
ANGLE_LOG,509,82592108,4000,3503
ANGLE_LOG,510,82596108,4000,3503
ANGLE_LOG,511,82600108,4000,3503
ANGLE_LOG,512,82604135,4027,3503
ANGLE_LOG,513,82608108,3973,3503
ANGLE_LOG,514,82612108,4000,3503
ANGLE_LOG,515,82616108,4000,3503
ANGLE_LOG,516,82620108,4000,3503
ANGLE_LOG,517,82624135,4027,3503
ANGLE_LOG,518,82628108,3973,3503
ANGLE_LOG,519,82632108,4000,3503
ANGLE_LOG,520,82636108,4000,3503
ANGLE_LOG,521,82640108,4000,3503
ANGLE_LOG,522,82644135,4027,3503
ANGLE_LOG,523,82648108,3973,3503
ANGLE_LOG,524,82652108,4000,3503
ANGLE_LOG,525,82656108,4000,3503
ANGLE_LOG,526,82660108,4000,3503
ANGLE_LOG,527,82664135,4027,3503
ANGLE_LOG,528,82668108,3973,3503
ANGLE_LOG,529,82672108,4000,3503
ANGLE_LOG,530,82676108,4000,3503
ANGLE_LOG,531,82680108,4000,3503
ANGLE_LOG,532,82684135,4027,3503
ANGLE_LOG,533,82688108,3973,3503
ANGLE_LOG,534,82692108,4000,3503
ANGLE_LOG,535,82696108,4000,3503
ANGLE_LOG,536,82700108,4000,3503
ANGLE_LOG,537,82704135,4027,3503
ANGLE_LOG,538,82708108,3973,3503
ANGLE_LOG,539,82712108,4000,3503
ANGLE_LOG,540,82716108,4000,3503
ANGLE_LOG,541,82720108,4000,3503
ANGLE_LOG,542,82724135,4027,3503
ANGLE_LOG,543,82728108,3973,3503
ANGLE_LOG,544,82732108,4000,3503
ANGLE_LOG,545,82736108,4000,3503
ANGLE_LOG,546,82740107,3999,3503
ANGLE_LOG,547,82744135,4028,3503
ANGLE_LOG,548,82748108,3973,3503
ANGLE_LOG,549,82752108,4000,3503
ANGLE_LOG,550,82756108,4000,3503
ANGLE_LOG,551,82760108,4000,3503
ANGLE_LOG,552,82764135,4027,3503
ANGLE_LOG,553,82768108,3973,3503
ANGLE_LOG,554,82772108,4000,3503
ANGLE_LOG,555,82776108,4000,3503
ANGLE_LOG,556,82780108,4000,3503
ANGLE_LOG,557,82784135,4027,3503
ANGLE_LOG,558,82788108,3973,3503
ANGLE_LOG,559,82792108,4000,3503
ANGLE_LOG,560,82796108,4000,3503
ANGLE_LOG,561,82800108,4000,3503
ANGLE_LOG,562,82804135,4027,3503
ANGLE_LOG,563,82808108,3973,3503
ANGLE_LOG,564,82812108,4000,3503
ANGLE_LOG,565,82816108,4000,3503
ANGLE_LOG,566,82820108,4000,3503
ANGLE_LOG,567,82824135,4027,3503
ANGLE_LOG,568,82828108,3973,3503
ANGLE_LOG,569,82832108,4000,3503
ANGLE_LOG,570,82836108,4000,3503
ANGLE_LOG,571,82840108,4000,3503
ANGLE_LOG,572,82844135,4027,3503
ANGLE_LOG,573,82848108,3973,3503
ANGLE_LOG,574,82852108,4000,3503
ANGLE_LOG,575,82856108,4000,3503
ANGLE_LOG,576,82860107,3999,3503
ANGLE_LOG,577,82864135,4028,3503
ANGLE_LOG,578,82868108,3973,3503
ANGLE_LOG,579,82872108,4000,3503
ANGLE_LOG,580,82876108,4000,3503
ANGLE_LOG,581,82880108,4000,3503
ANGLE_LOG,582,82884135,4027,3503
ANGLE_LOG,583,82888108,3973,3503
ANGLE_LOG,584,82892108,4000,3503
ANGLE_LOG,585,82896108,4000,3503
ANGLE_LOG,586,82900108,4000,3503
ANGLE_LOG,587,82904135,4027,3503
ANGLE_LOG,588,82908108,3973,3503
ANGLE_LOG,589,82912108,4000,3503
ANGLE_LOG,590,82916108,4000,3503
ANGLE_LOG,591,82920108,4000,3503
ANGLE_LOG,592,82924135,4027,3503
ANGLE_LOG,593,82928108,3973,3503
ANGLE_LOG,594,82932108,4000,3503
ANGLE_LOG,595,82936108,4000,3503
ANGLE_LOG,596,82940108,4000,3503
ANGLE_LOG,597,82944135,4027,3503
ANGLE_LOG,598,82948108,3973,3503
ANGLE_LOG,599,82952108,4000,3503
ANGLE_LOG,600,82956108,4000,3503
ANGLE_LOG,601,82960108,4000,3503
ANGLE_LOG,602,82964135,4027,3503
ANGLE_LOG,603,82968108,3973,3503
ANGLE_LOG,604,82972108,4000,3503
ANGLE_LOG,605,82976108,4000,3503
ANGLE_LOG,606,82980108,4000,3503
ANGLE_LOG,607,82984135,4027,3503
ANGLE_LOG,608,82988108,3973,3503
ANGLE_LOG,609,82992108,4000,3503
ANGLE_LOG,610,82996108,4000,3503
ANGLE_LOG,611,83000108,4000,3503
ANGLE_LOG,612,83004135,4027,3503
ANGLE_LOG,613,83008108,3973,3503
ANGLE_LOG,614,83012108,4000,3503
ANGLE_LOG,615,83016108,4000,3503
ANGLE_LOG,616,83020108,4000,3503
ANGLE_LOG,617,83024135,4027,3503
ANGLE_LOG,618,83028108,3973,3503
ANGLE_LOG,619,83032108,4000,3503
ANGLE_LOG,620,83036108,4000,3503
ANGLE_LOG,621,83040108,4000,3503
ANGLE_LOG,622,83044135,4027,3503
ANGLE_LOG,623,83048108,3973,3503
ANGLE_LOG,624,83052108,4000,3503
ANGLE_LOG,625,83056108,4000,3503
ANGLE_LOG,626,83060108,4000,3503
ANGLE_LOG,627,83064135,4027,3503
ANGLE_LOG,628,83068108,3973,3503
ANGLE_LOG,629,83072108,4000,3503
ANGLE_LOG,630,83076108,4000,3503
ANGLE_LOG,631,83080108,4000,3503
ANGLE_LOG,632,83084135,4027,3503
ANGLE_LOG,633,83088108,3973,3503
ANGLE_LOG,634,83092108,4000,3503
ANGLE_LOG,635,83096108,4000,3503
ANGLE_LOG,636,83100108,4000,3503
ANGLE_LOG,637,83104135,4027,3503
ANGLE_LOG,638,83108108,3973,3503
ANGLE_LOG,639,83112108,4000,3503
ANGLE_LOG,640,83116108,4000,3503
ANGLE_LOG,641,83120108,4000,3503
ANGLE_LOG,642,83124135,4027,3503
ANGLE_LOG,643,83128108,3973,3503
ANGLE_LOG,644,83132108,4000,3503
ANGLE_LOG,645,83136108,4000,3503
ANGLE_LOG,646,83140108,4000,3503
ANGLE_LOG,647,83144135,4027,3503
ANGLE_LOG,648,83148108,3973,3503
ANGLE_LOG,649,83152108,4000,3503
ANGLE_LOG,650,83156108,4000,3503
ANGLE_LOG,651,83160108,4000,3503
ANGLE_LOG,652,83164135,4027,3503
ANGLE_LOG,653,83168108,3973,3503
ANGLE_LOG,654,83172108,4000,3503
ANGLE_LOG,655,83176108,4000,3503
ANGLE_LOG,656,83180108,4000,3503
ANGLE_LOG,657,83184135,4027,3503
ANGLE_LOG,658,83188108,3973,3503
ANGLE_LOG,659,83192108,4000,3503
ANGLE_LOG,660,83196108,4000,3503
ANGLE_LOG,661,83200108,4000,3503
ANGLE_LOG,662,83204135,4027,3503
ANGLE_LOG,663,83208108,3973,3503
ANGLE_LOG,664,83212108,4000,3503
ANGLE_LOG,665,83216108,4000,3503
ANGLE_LOG,666,83220108,4000,3503
ANGLE_LOG,667,83224135,4027,3503
ANGLE_LOG,668,83228108,3973,3503
ANGLE_LOG,669,83232108,4000,3503
ANGLE_LOG,670,83236108,4000,3503
ANGLE_LOG,671,83240108,4000,3503
ANGLE_LOG,672,83244135,4027,3503
ANGLE_LOG,673,83248108,3973,3503
ANGLE_LOG,674,83252108,4000,3503
ANGLE_LOG,675,83256108,4000,3503
ANGLE_LOG,676,83260108,4000,3503
ANGLE_LOG,677,83264135,4027,3503
ANGLE_LOG,678,83268108,3973,3503
ANGLE_LOG,679,83272108,4000,3503
ANGLE_LOG,680,83276108,4000,3503
ANGLE_LOG,681,83280108,4000,3503
ANGLE_LOG,682,83284135,4027,3503
ANGLE_LOG,683,83288108,3973,3503
ANGLE_LOG,684,83292108,4000,3503
ANGLE_LOG,685,83296108,4000,3503
ANGLE_LOG,686,83300107,3999,3503
ANGLE_LOG,687,83304135,4028,3503
ANGLE_LOG,688,83308108,3973,3503
ANGLE_LOG,689,83312108,4000,3503
ANGLE_LOG,690,83316108,4000,3503
ANGLE_LOG,691,83320108,4000,3503
ANGLE_LOG,692,83324135,4027,3503
ANGLE_LOG,693,83328108,3973,3503
ANGLE_LOG,694,83332108,4000,3503
ANGLE_LOG,695,83336108,4000,3503
ANGLE_LOG,696,83340108,4000,3503
ANGLE_LOG,697,83344135,4027,3503
ANGLE_LOG,698,83348108,3973,3503
ANGLE_LOG,699,83352108,4000,3503
ANGLE_LOG,700,83356108,4000,3503
ANGLE_LOG,701,83360108,4000,3503
ANGLE_LOG,702,83364135,4027,3503
ANGLE_LOG,703,83368108,3973,3503
ANGLE_LOG,704,83372108,4000,3503
ANGLE_LOG,705,83376108,4000,3503
ANGLE_LOG,706,83380108,4000,3503
ANGLE_LOG,707,83384135,4027,3503
ANGLE_LOG,708,83388108,3973,3503
ANGLE_LOG,709,83392108,4000,3503
ANGLE_LOG,710,83396108,4000,3503
ANGLE_LOG,711,83400108,4000,3503
ANGLE_LOG,712,83404135,4027,3503
ANGLE_LOG,713,83408108,3973,3503
ANGLE_LOG,714,83412108,4000,3503
ANGLE_LOG,715,83416108,4000,3503
ANGLE_LOG,716,83420108,4000,3503
ANGLE_LOG,717,83424135,4027,3503
ANGLE_LOG,718,83428108,3973,3503
ANGLE_LOG,719,83432108,4000,3503
ANGLE_LOG,720,83436108,4000,3503
ANGLE_LOG,721,83440108,4000,3503
ANGLE_LOG,722,83444135,4027,3503
ANGLE_LOG,723,83448108,3973,3503
ANGLE_LOG,724,83452108,4000,3503
ANGLE_LOG,725,83456108,4000,3503
ANGLE_LOG,726,83460108,4000,3503
ANGLE_LOG,727,83464135,4027,3503
ANGLE_LOG,728,83468108,3973,3503
ANGLE_LOG,729,83472108,4000,3503
ANGLE_LOG,730,83476108,4000,3503
ANGLE_LOG,731,83480108,4000,3503
ANGLE_LOG,732,83484135,4027,3503
ANGLE_LOG,733,83488108,3973,3503
ANGLE_LOG,734,83492108,4000,3503
ANGLE_LOG,735,83496108,4000,3503
ANGLE_LOG,736,83500108,4000,3503
ANGLE_LOG,737,83504135,4027,3503
ANGLE_LOG,738,83508108,3973,3503
ANGLE_LOG,739,83512108,4000,3503
ANGLE_LOG,740,83516108,4000,3503
ANGLE_LOG,741,83520108,4000,3503
ANGLE_LOG,742,83524135,4027,3503
ANGLE_LOG,743,83528108,3973,3503
ANGLE_LOG,744,83532108,4000,3503
ANGLE_LOG,745,83536108,4000,3503
ANGLE_LOG,746,83540108,4000,3503
ANGLE_LOG,747,83544135,4027,3503
ANGLE_LOG,748,83548108,3973,3503
ANGLE_LOG,749,83552108,4000,3503
ANGLE_LOG,750,83556108,4000,3503
ANGLE_LOG,751,83560108,4000,3503
ANGLE_LOG,752,83564135,4027,3503
ANGLE_LOG,753,83568108,3973,3503
ANGLE_LOG,754,83572108,4000,3503
ANGLE_LOG,755,83576108,4000,3503
ANGLE_LOG,756,83580108,4000,3503
ANGLE_LOG,757,83584135,4027,3503
ANGLE_LOG,758,83588108,3973,3503
ANGLE_LOG,759,83592108,4000,3503
ANGLE_LOG,760,83596108,4000,3503
ANGLE_LOG,761,83600108,4000,3503
ANGLE_LOG,762,83604135,4027,3503
ANGLE_LOG,763,83608108,3973,3503
ANGLE_LOG,764,83612108,4000,3503
ANGLE_LOG,765,83616108,4000,3503
ANGLE_LOG,766,83620108,4000,3503
ANGLE_LOG,767,83624135,4027,3503
ANGLE_LOG,768,83628108,3973,3503
ANGLE_LOG,769,83632108,4000,3503
ANGLE_LOG,770,83636108,4000,3503
ANGLE_LOG,771,83640108,4000,3503
ANGLE_LOG,772,83644135,4027,3503
ANGLE_LOG,773,83648108,3973,3503
ANGLE_LOG,774,83652108,4000,3503
ANGLE_LOG,775,83656108,4000,3503
ANGLE_LOG,776,83660108,4000,3503
ANGLE_LOG,777,83664135,4027,3503
ANGLE_LOG,778,83668108,3973,3503
ANGLE_LOG,779,83672108,4000,3503
ANGLE_LOG,780,83676108,4000,3503
ANGLE_LOG,781,83680108,4000,3503
ANGLE_LOG,782,83684135,4027,3503
ANGLE_LOG,783,83688108,3973,3503
ANGLE_LOG,784,83692108,4000,3503
ANGLE_LOG,785,83696108,4000,3503
ANGLE_LOG,786,83700108,4000,3503
ANGLE_LOG,787,83704135,4027,3503
ANGLE_LOG,788,83708108,3973,3503
ANGLE_LOG,789,83712108,4000,3503
ANGLE_LOG,790,83716108,4000,3503
ANGLE_LOG,791,83720108,4000,3503
ANGLE_LOG,792,83724135,4027,3503
ANGLE_LOG,793,83728108,3973,3503
ANGLE_LOG,794,83732108,4000,3503
ANGLE_LOG,795,83736108,4000,3503
ANGLE_LOG,796,83740108,4000,3503
ANGLE_LOG,797,83744135,4027,3503
ANGLE_LOG,798,83748108,3973,3503
ANGLE_LOG,799,83752108,4000,3503
ANGLE_LOG,800,83756108,4000,3503
ANGLE_LOG,801,83760108,4000,3503
ANGLE_LOG,802,83764135,4027,3503
ANGLE_LOG,803,83768108,3973,3503
ANGLE_LOG,804,83772108,4000,3503
ANGLE_LOG,805,83776108,4000,3503
ANGLE_LOG,806,83780108,4000,3503
ANGLE_LOG,807,83784135,4027,3503
ANGLE_LOG,808,83788108,3973,3503
ANGLE_LOG,809,83792108,4000,3503
ANGLE_LOG,810,83796108,4000,3503
ANGLE_LOG,811,83800108,4000,3503
ANGLE_LOG,812,83804135,4027,3503
ANGLE_LOG,813,83808108,3973,3503
ANGLE_LOG,814,83812108,4000,3503
ANGLE_LOG,815,83816108,4000,3503
ANGLE_LOG,816,83820108,4000,3503
ANGLE_LOG,817,83824135,4027,3503
ANGLE_LOG,818,83828108,3973,3503
ANGLE_LOG,819,83832108,4000,3503
ANGLE_LOG,820,83836108,4000,3503
ANGLE_LOG,821,83840108,4000,3503
ANGLE_LOG,822,83844135,4027,3503
ANGLE_LOG,823,83848108,3973,3503
ANGLE_LOG,824,83852108,4000,3503
ANGLE_LOG,825,83856108,4000,3503
ANGLE_LOG,826,83860108,4000,3503
ANGLE_LOG,827,83864135,4027,3503
ANGLE_LOG,828,83868108,3973,3503
ANGLE_LOG,829,83872108,4000,3503
ANGLE_LOG,830,83876108,4000,3503
ANGLE_LOG,831,83880108,4000,3503
ANGLE_LOG,832,83884135,4027,3503
ANGLE_LOG,833,83888108,3973,3503
ANGLE_LOG,834,83892108,4000,3503
ANGLE_LOG,835,83896108,4000,3503
ANGLE_LOG,836,83900108,4000,3503
ANGLE_LOG,837,83904135,4027,3503
ANGLE_LOG,838,83908108,3973,3503
ANGLE_LOG,839,83912108,4000,3503
ANGLE_LOG,840,83916108,4000,3503
ANGLE_LOG,841,83920108,4000,3503
ANGLE_LOG,842,83924135,4027,3503
ANGLE_LOG,843,83928108,3973,3503
ANGLE_LOG,844,83932108,4000,3503
ANGLE_LOG,845,83936108,4000,3503
ANGLE_LOG,846,83940108,4000,3503
ANGLE_LOG,847,83944135,4027,3503
ANGLE_LOG,848,83948108,3973,3503
ANGLE_LOG,849,83952108,4000,3503
ANGLE_LOG,850,83956108,4000,3503
ANGLE_LOG,851,83960108,4000,3503
ANGLE_LOG,852,83964135,4027,3503
ANGLE_LOG,853,83968108,3973,3503
ANGLE_LOG,854,83972108,4000,3503
ANGLE_LOG,855,83976108,4000,3503
ANGLE_LOG,856,83980108,4000,3503
ANGLE_LOG,857,83984135,4027,3503
ANGLE_LOG,858,83988108,3973,3503
ANGLE_LOG,859,83992108,4000,3503
ANGLE_LOG,860,83996108,4000,3503
ANGLE_LOG,861,84000108,4000,3503
ANGLE_LOG,862,84004135,4027,3503
ANGLE_LOG,863,84008108,3973,3503
ANGLE_LOG,864,84012108,4000,3503
ANGLE_LOG,865,84016108,4000,3503
ANGLE_LOG,866,84020108,4000,3503
ANGLE_LOG,867,84024135,4027,3503
ANGLE_LOG,868,84028108,3973,3503
ANGLE_LOG,869,84032108,4000,3503
ANGLE_LOG,870,84036108,4000,3503
ANGLE_LOG,871,84040108,4000,3503
ANGLE_LOG,872,84044135,4027,3503
ANGLE_LOG,873,84048108,3973,3503
ANGLE_LOG,874,84052108,4000,3503
ANGLE_LOG,875,84056108,4000,3503
ANGLE_LOG,876,84060108,4000,3503
ANGLE_LOG,877,84064135,4027,3503
ANGLE_LOG,878,84068108,3973,3503
ANGLE_LOG,879,84072108,4000,3503
ANGLE_LOG,880,84076108,4000,3503
ANGLE_LOG,881,84080108,4000,3503
ANGLE_LOG,882,84084135,4027,3503
ANGLE_LOG,883,84088108,3973,3503
ANGLE_LOG,884,84092108,4000,3503
ANGLE_LOG,885,84096108,4000,3503
ANGLE_LOG,886,84100108,4000,3503
ANGLE_LOG,887,84104135,4027,3503
ANGLE_LOG,888,84108108,3973,3503
ANGLE_LOG,889,84112108,4000,3503
ANGLE_LOG,890,84116108,4000,3503
ANGLE_LOG,891,84120108,4000,3503
ANGLE_LOG,892,84124135,4027,3503
ANGLE_LOG,893,84128108,3973,3503
ANGLE_LOG,894,84132108,4000,3503
ANGLE_LOG,895,84136108,4000,3503
ANGLE_LOG,896,84140108,4000,3503
ANGLE_LOG,897,84144135,4027,3503
ANGLE_LOG,898,84148108,3973,3503
ANGLE_LOG,899,84152108,4000,3503
ANGLE_LOG,900,84156108,4000,3503
ANGLE_LOG,901,84160108,4000,3503
ANGLE_LOG,902,84164135,4027,3503
ANGLE_LOG,903,84168108,3973,3503
ANGLE_LOG,904,84172108,4000,3503
ANGLE_LOG,905,84176108,4000,3503
ANGLE_LOG,906,84180108,4000,3503
ANGLE_LOG,907,84184135,4027,3503
ANGLE_LOG,908,84188108,3973,3503
ANGLE_LOG,909,84192108,4000,3503
ANGLE_LOG,910,84196108,4000,3503
ANGLE_LOG,911,84200108,4000,3503
ANGLE_LOG,912,84204135,4027,3503
ANGLE_LOG,913,84208108,3973,3503
ANGLE_LOG,914,84212108,4000,3503
ANGLE_LOG,915,84216108,4000,3503
ANGLE_LOG,916,84220108,4000,3503
ANGLE_LOG,917,84224135,4027,3503
ANGLE_LOG,918,84228108,3973,3503
ANGLE_LOG,919,84232108,4000,3503
ANGLE_LOG,920,84236108,4000,3503
ANGLE_LOG,921,84240108,4000,3503
ANGLE_LOG,922,84244135,4027,3503
ANGLE_LOG,923,84248108,3973,3503
ANGLE_LOG,924,84252108,4000,3503
ANGLE_LOG,925,84256108,4000,3503
ANGLE_LOG,926,84260108,4000,3503
ANGLE_LOG,927,84264135,4027,3503
ANGLE_LOG,928,84268108,3973,3503
ANGLE_LOG,929,84272108,4000,3503
ANGLE_LOG,930,84276108,4000,3503
ANGLE_LOG,931,84280108,4000,3503
ANGLE_LOG,932,84284135,4027,3503
ANGLE_LOG,933,84288108,3973,3503
ANGLE_LOG,934,84292108,4000,3503
ANGLE_LOG,935,84296108,4000,3503
ANGLE_LOG,936,84300108,4000,3503
ANGLE_LOG,937,84304135,4027,3503
ANGLE_LOG,938,84308108,3973,3503
ANGLE_LOG,939,84312108,4000,3503
ANGLE_LOG,940,84316108,4000,3503
ANGLE_LOG,941,84320108,4000,3503
ANGLE_LOG,942,84324135,4027,3503
ANGLE_LOG,943,84328108,3973,3503
ANGLE_LOG,944,84332108,4000,3503
ANGLE_LOG,945,84336108,4000,3503
ANGLE_LOG,946,84340108,4000,3503
ANGLE_LOG,947,84344135,4027,3503
ANGLE_LOG,948,84348108,3973,3503
ANGLE_LOG,949,84352108,4000,3503
ANGLE_LOG,950,84356108,4000,3503
ANGLE_LOG,951,84360108,4000,3503
ANGLE_LOG,952,84364135,4027,3503
ANGLE_LOG,953,84368108,3973,3503
ANGLE_LOG,954,84372108,4000,3503
ANGLE_LOG,955,84376108,4000,3503
ANGLE_LOG,956,84380108,4000,3503
ANGLE_LOG,957,84384135,4027,3503
ANGLE_LOG,958,84388108,3973,3503
ANGLE_LOG,959,84392108,4000,3503
ANGLE_LOG,960,84396108,4000,3503
ANGLE_LOG,961,84400107,3999,3503
ANGLE_LOG,962,84404135,4028,3503
ANGLE_LOG,963,84408108,3973,3503
ANGLE_LOG,964,84412108,4000,3503
ANGLE_LOG,965,84416108,4000,3503
ANGLE_LOG,966,84420108,4000,3503
ANGLE_LOG,967,84424135,4027,3503
ANGLE_LOG,968,84428108,3973,3503
ANGLE_LOG,969,84432108,4000,3503
ANGLE_LOG,970,84436108,4000,3503
ANGLE_LOG,971,84440108,4000,3503
ANGLE_LOG,972,84444135,4027,3503
ANGLE_LOG,973,84448108,3973,3503
ANGLE_LOG,974,84452108,4000,3503
ANGLE_LOG,975,84456108,4000,3503
ANGLE_LOG,976,84460108,4000,3503
ANGLE_LOG,977,84464135,4027,3503
ANGLE_LOG,978,84468108,3973,3503
ANGLE_LOG,979,84472108,4000,3503
ANGLE_LOG,980,84476108,4000,3503
ANGLE_LOG,981,84480108,4000,3503
ANGLE_LOG,982,84484135,4027,3503
ANGLE_LOG,983,84488108,3973,3503
ANGLE_LOG,984,84492108,4000,3503
ANGLE_LOG,985,84496108,4000,3503
ANGLE_LOG,986,84500108,4000,3503
ANGLE_LOG,987,84504135,4027,3503
ANGLE_LOG,988,84508108,3973,3503
ANGLE_LOG,989,84512108,4000,3503
ANGLE_LOG,990,84516108,4000,3503
ANGLE_LOG,991,84520108,4000,3503
ANGLE_LOG,992,84524135,4027,3503
ANGLE_LOG,993,84528108,3973,3503
ANGLE_LOG,994,84532108,4000,3503
ANGLE_LOG,995,84536108,4000,3503
ANGLE_LOG,996,84540108,4000,3503
ANGLE_LOG,997,84544135,4027,3503
ANGLE_LOG,998,84548108,3973,3503
ANGLE_LOG,999,84552108,4000,3503
ANGLE_LOG,1000,84556108,4000,3503
ANGLE_LOG,1001,84560108,4000,3503
ANGLE_LOG,1002,84564135,4027,3503
ANGLE_LOG,1003,84568108,3973,3503
ANGLE_LOG,1004,84572108,4000,3503
ANGLE_LOG,1005,84576108,4000,3503
ANGLE_LOG,1006,84580108,4000,3503
ANGLE_LOG,1007,84584135,4027,3503
ANGLE_LOG,1008,84588108,3973,3503
ANGLE_LOG,1009,84592108,4000,3503
ANGLE_LOG,1010,84596108,4000,3503
ANGLE_LOG,1011,84600108,4000,3503
ANGLE_LOG,1012,84604135,4027,3503
ANGLE_LOG,1013,84608108,3973,3503
ANGLE_LOG,1014,84612108,4000,3503
ANGLE_LOG,1015,84616108,4000,3503
ANGLE_LOG,1016,84620108,4000,3503
ANGLE_LOG,1017,84624135,4027,3503
ANGLE_LOG,1018,84628108,3973,3503
ANGLE_LOG,1019,84632108,4000,3503
ANGLE_LOG,1020,84636108,4000,3503
ANGLE_LOG,1021,84640108,4000,3503
ANGLE_LOG,1022,84644135,4027,3503
ANGLE_LOG,1023,84648108,3973,3503
ANGLE_LOG,1024,84652108,4000,3503
ANGLE_LOG,1025,84656108,4000,3503
ANGLE_LOG,1026,84660108,4000,3503
ANGLE_LOG,1027,84664135,4027,3503
ANGLE_LOG,1028,84668108,3973,3503
ANGLE_LOG,1029,84672108,4000,3503
ANGLE_LOG,1030,84676108,4000,3503
ANGLE_LOG,1031,84680108,4000,3503
ANGLE_LOG,1032,84684135,4027,3503
ANGLE_LOG,1033,84688108,3973,3503
ANGLE_LOG,1034,84692108,4000,3503
ANGLE_LOG,1035,84696108,4000,3503
ANGLE_LOG,1036,84700108,4000,3503
ANGLE_LOG,1037,84704135,4027,3503
ANGLE_LOG,1038,84708108,3973,3503
ANGLE_LOG,1039,84712108,4000,3503
ANGLE_LOG,1040,84716108,4000,3503
ANGLE_LOG,1041,84720108,4000,3503
ANGLE_LOG,1042,84724135,4027,3503
ANGLE_LOG,1043,84728108,3973,3503
ANGLE_LOG,1044,84732108,4000,3503
ANGLE_LOG,1045,84736108,4000,3503
ANGLE_LOG,1046,84740108,4000,3503
ANGLE_LOG,1047,84744135,4027,3503
ANGLE_LOG,1048,84748108,3973,3503
ANGLE_LOG,1049,84752108,4000,3503
ANGLE_LOG,1050,84756108,4000,3503
ANGLE_LOG,1051,84760108,4000,3503
ANGLE_LOG,1052,84764135,4027,3503
ANGLE_LOG,1053,84768108,3973,3503
ANGLE_LOG,1054,84772108,4000,3503
ANGLE_LOG,1055,84776108,4000,3503
ANGLE_LOG,1056,84780108,4000,3503
ANGLE_LOG,1057,84784135,4027,3503
ANGLE_LOG,1058,84788108,3973,3503
ANGLE_LOG,1059,84792108,4000,3503
ANGLE_LOG,1060,84796108,4000,3503
ANGLE_LOG,1061,84800108,4000,3503
ANGLE_LOG,1062,84804135,4027,3503
ANGLE_LOG,1063,84808108,3973,3503
ANGLE_LOG,1064,84812108,4000,3503
ANGLE_LOG,1065,84816108,4000,3503
ANGLE_LOG,1066,84820108,4000,3503
ANGLE_LOG,1067,84824135,4027,3503
ANGLE_LOG,1068,84828108,3973,3503
ANGLE_LOG,1069,84832108,4000,3503
ANGLE_LOG,1070,84836108,4000,3503
ANGLE_LOG,1071,84840108,4000,3503
ANGLE_LOG,1072,84844135,4027,3503
ANGLE_LOG,1073,84848108,3973,3503
ANGLE_LOG,1074,84852108,4000,3503
ANGLE_LOG,1075,84856108,4000,3503
ANGLE_LOG,1076,84860108,4000,3503
ANGLE_LOG,1077,84864135,4027,3503
ANGLE_LOG,1078,84868108,3973,3503
ANGLE_LOG,1079,84872108,4000,3503
ANGLE_LOG,1080,84876108,4000,3503
ANGLE_LOG,1081,84880108,4000,3503
ANGLE_LOG,1082,84884135,4027,3503
ANGLE_LOG,1083,84888108,3973,3503
ANGLE_LOG,1084,84892108,4000,3503
ANGLE_LOG,1085,84896108,4000,3503
ANGLE_LOG,1086,84900108,4000,3503
ANGLE_LOG,1087,84904135,4027,3503
ANGLE_LOG,1088,84908108,3973,3503
ANGLE_LOG,1089,84912108,4000,3503
ANGLE_LOG,1090,84916108,4000,3503
ANGLE_LOG,1091,84920108,4000,3503
ANGLE_LOG,1092,84924135,4027,3503
ANGLE_LOG,1093,84928108,3973,3503
ANGLE_LOG,1094,84932108,4000,3503
ANGLE_LOG,1095,84936108,4000,3503
ANGLE_LOG,1096,84940108,4000,3503
ANGLE_LOG,1097,84944135,4027,3503
ANGLE_LOG,1098,84948108,3973,3503
ANGLE_LOG,1099,84952108,4000,3503
ANGLE_LOG,1100,84956108,4000,3503
ANGLE_LOG,1101,84960108,4000,3503
ANGLE_LOG,1102,84964135,4027,3503
ANGLE_LOG,1103,84968108,3973,3503
ANGLE_LOG,1104,84972108,4000,3503
ANGLE_LOG,1105,84976108,4000,3503
ANGLE_LOG,1106,84980108,4000,3503
ANGLE_LOG,1107,84984135,4027,3503
ANGLE_LOG,1108,84988108,3973,3503
ANGLE_LOG,1109,84992108,4000,3503
ANGLE_LOG,1110,84996108,4000,3503
ANGLE_LOG,1111,85000108,4000,3503
ANGLE_LOG,1112,85004135,4027,3503
ANGLE_LOG,1113,85008108,3973,3503
ANGLE_LOG,1114,85012108,4000,3503
ANGLE_LOG,1115,85016108,4000,3503
ANGLE_LOG,1116,85020108,4000,3503
ANGLE_LOG,1117,85024135,4027,3503
ANGLE_LOG,1118,85028108,3973,3503
ANGLE_LOG,1119,85032108,4000,3503
ANGLE_LOG,1120,85036108,4000,3503
ANGLE_LOG,1121,85040108,4000,3503
ANGLE_LOG,1122,85044135,4027,3503
ANGLE_LOG,1123,85048108,3973,3503
ANGLE_LOG,1124,85052108,4000,3503
ANGLE_LOG,1125,85056108,4000,3503
ANGLE_LOG,1126,85060108,4000,3503
ANGLE_LOG,1127,85064135,4027,3503
ANGLE_LOG,1128,85068108,3973,3503
ANGLE_LOG,1129,85072108,4000,3503
ANGLE_LOG,1130,85076108,4000,3503
ANGLE_LOG,1131,85080108,4000,3503
ANGLE_LOG,1132,85084135,4027,3503
ANGLE_LOG,1133,85088108,3973,3503
ANGLE_LOG,1134,85092108,4000,3503
ANGLE_LOG,1135,85096108,4000,3503
ANGLE_LOG,1136,85100108,4000,3503
ANGLE_LOG,1137,85104135,4027,3503
ANGLE_LOG,1138,85108108,3973,3503
ANGLE_LOG,1139,85112108,4000,3503
ANGLE_LOG,1140,85116108,4000,3503
ANGLE_LOG,1141,85120108,4000,3503
ANGLE_LOG,1142,85124135,4027,3503
ANGLE_LOG,1143,85128108,3973,3503
ANGLE_LOG,1144,85132108,4000,3503
ANGLE_LOG,1145,85136108,4000,3503
ANGLE_LOG,1146,85140108,4000,3503
ANGLE_LOG,1147,85144135,4027,3503
ANGLE_LOG,1148,85148108,3973,3503
ANGLE_LOG,1149,85152108,4000,3503
ANGLE_LOG,1150,85156108,4000,3503
ANGLE_LOG,1151,85160108,4000,3503
ANGLE_LOG,1152,85164135,4027,3503
ANGLE_LOG,1153,85168108,3973,3503
ANGLE_LOG,1154,85172108,4000,3503
ANGLE_LOG,1155,85176108,4000,3503
ANGLE_LOG,1156,85180108,4000,3503
ANGLE_LOG,1157,85184135,4027,3503
ANGLE_LOG,1158,85188108,3973,3503
ANGLE_LOG,1159,85192108,4000,3503
ANGLE_LOG,1160,85196108,4000,3503
ANGLE_LOG,1161,85200108,4000,3503
ANGLE_LOG,1162,85204135,4027,3503
ANGLE_LOG,1163,85208108,3973,3503
ANGLE_LOG,1164,85212108,4000,3503
ANGLE_LOG,1165,85216108,4000,3503
ANGLE_LOG,1166,85220108,4000,3503
ANGLE_LOG,1167,85224135,4027,3503
ANGLE_LOG,1168,85228108,3973,3503
ANGLE_LOG,1169,85232108,4000,3503
ANGLE_LOG,1170,85236108,4000,3503
ANGLE_LOG,1171,85240108,4000,3503
ANGLE_LOG,1172,85244135,4027,3503
ANGLE_LOG,1173,85248108,3973,3503
ANGLE_LOG,1174,85252108,4000,3503
ANGLE_LOG,1175,85256108,4000,3503
ANGLE_LOG,1176,85260108,4000,3503
ANGLE_LOG,1177,85264135,4027,3503
ANGLE_LOG,1178,85268108,3973,3503
ANGLE_LOG,1179,85272108,4000,3503
ANGLE_LOG,1180,85276108,4000,3503
ANGLE_LOG,1181,85280108,4000,3503
ANGLE_LOG,1182,85284135,4027,3503
ANGLE_LOG,1183,85288108,3973,3503
ANGLE_LOG,1184,85292108,4000,3503
ANGLE_LOG,1185,85296108,4000,3503
ANGLE_LOG,1186,85300108,4000,3503
ANGLE_LOG,1187,85304135,4027,3503
ANGLE_LOG,1188,85308108,3973,3503
ANGLE_LOG,1189,85312108,4000,3503
ANGLE_LOG,1190,85316108,4000,3503
ANGLE_LOG,1191,85320108,4000,3503
ANGLE_LOG,1192,85324135,4027,3503
ANGLE_LOG,1193,85328108,3973,3503
ANGLE_LOG,1194,85332108,4000,3503
ANGLE_LOG,1195,85336108,4000,3503
ANGLE_LOG,1196,85340108,4000,3503
ANGLE_LOG,1197,85344135,4027,3503
ANGLE_LOG,1198,85348108,3973,3503
ANGLE_LOG,1199,85352108,4000,3503
ANGLE_LOG,1200,85356108,4000,3503
ANGLE_LOG,1201,85360108,4000,3503
ANGLE_LOG,1202,85364135,4027,3503
ANGLE_LOG,1203,85368108,3973,3503
ANGLE_LOG,1204,85372108,4000,3503
ANGLE_LOG,1205,85376108,4000,3503
ANGLE_LOG,1206,85380108,4000,3503
ANGLE_LOG,1207,85384135,4027,3503
ANGLE_LOG,1208,85388108,3973,3503
ANGLE_LOG,1209,85392108,4000,3503
ANGLE_LOG,1210,85396108,4000,3503
ANGLE_LOG,1211,85400108,4000,3503
ANGLE_LOG,1212,85404135,4027,3503
ANGLE_LOG,1213,85408108,3973,3503
ANGLE_LOG,1214,85412108,4000,3503
ANGLE_LOG,1215,85416108,4000,3503
ANGLE_LOG,1216,85420108,4000,3503
ANGLE_LOG,1217,85424135,4027,3503
ANGLE_LOG,1218,85428108,3973,3503
ANGLE_LOG,1219,85432108,4000,3503
ANGLE_LOG,1220,85436108,4000,3503
ANGLE_LOG,1221,85440108,4000,3503
ANGLE_LOG,1222,85444135,4027,3503
ANGLE_LOG,1223,85448108,3973,3503
ANGLE_LOG,1224,85452108,4000,3503
ANGLE_LOG,1225,85456108,4000,3503
ANGLE_LOG,1226,85460108,4000,3503
ANGLE_LOG,1227,85464135,4027,3503
ANGLE_LOG,1228,85468108,3973,3503
ANGLE_LOG,1229,85472108,4000,3503
ANGLE_LOG,1230,85476108,4000,3503
ANGLE_LOG,1231,85480108,4000,3503
ANGLE_LOG,1232,85484135,4027,3503
ANGLE_LOG,1233,85488108,3973,3503
ANGLE_LOG,1234,85492108,4000,3503
ANGLE_LOG,1235,85496108,4000,3503
ANGLE_LOG,1236,85500108,4000,3503
ANGLE_LOG,1237,85504135,4027,3503
ANGLE_LOG,1238,85508108,3973,3503
ANGLE_LOG,1239,85512108,4000,3503
ANGLE_LOG,1240,85516108,4000,3503
ANGLE_LOG,1241,85520108,4000,3503
ANGLE_LOG,1242,85524135,4027,3503
ANGLE_LOG,1243,85528108,3973,3503
ANGLE_LOG,1244,85532108,4000,3503
ANGLE_LOG,1245,85536108,4000,3503
ANGLE_LOG,1246,85540108,4000,3503
ANGLE_LOG,1247,85544135,4027,3503
ANGLE_LOG,1248,85548108,3973,3503
ANGLE_LOG,1249,85552108,4000,3503
ANGLE_LOG,1250,85556108,4000,3503
ANGLE_LOG,1251,85560108,4000,3503
ANGLE_LOG,1252,85564135,4027,3503
ANGLE_LOG,1253,85568108,3973,3503
ANGLE_LOG,1254,85572108,4000,3503
ANGLE_LOG,1255,85576108,4000,3503
ANGLE_LOG,1256,85580108,4000,3503
ANGLE_LOG,1257,85584135,4027,3503
ANGLE_LOG,1258,85588108,3973,3503
ANGLE_LOG,1259,85592108,4000,3503
ANGLE_LOG,1260,85596108,4000,3503
ANGLE_LOG,1261,85600108,4000,3503
ANGLE_LOG,1262,85604135,4027,3503
ANGLE_LOG,1263,85608108,3973,3503
ANGLE_LOG,1264,85612108,4000,3503
ANGLE_LOG,1265,85616108,4000,3503
ANGLE_LOG,1266,85620108,4000,3503
ANGLE_LOG,1267,85624135,4027,3503
ANGLE_LOG,1268,85628108,3973,3503
ANGLE_LOG,1269,85632108,4000,3503
ANGLE_LOG,1270,85636108,4000,3503
ANGLE_LOG,1271,85640108,4000,3503
ANGLE_LOG,1272,85644135,4027,3503
ANGLE_LOG,1273,85648108,3973,3503
ANGLE_LOG,1274,85652108,4000,3503
ANGLE_LOG,1275,85656108,4000,3503
ANGLE_LOG,1276,85660108,4000,3503
ANGLE_LOG,1277,85664135,4027,3503
ANGLE_LOG,1278,85668108,3973,3503
ANGLE_LOG,1279,85672108,4000,3503
ANGLE_LOG,1280,85676108,4000,3503
ANGLE_LOG,1281,85680108,4000,3503
ANGLE_LOG,1282,85684135,4027,3503
ANGLE_LOG,1283,85688108,3973,3503
ANGLE_LOG,1284,85692108,4000,3503
ANGLE_LOG,1285,85696108,4000,3503
ANGLE_LOG,1286,85700108,4000,3503
ANGLE_LOG,1287,85704135,4027,3503
ANGLE_LOG,1288,85708108,3973,3503
ANGLE_LOG,1289,85712108,4000,3503
ANGLE_LOG,1290,85716108,4000,3503
ANGLE_LOG,1291,85720108,4000,3503
ANGLE_LOG,1292,85724135,4027,3503
ANGLE_LOG,1293,85728108,3973,3503
ANGLE_LOG,1294,85732108,4000,3503
ANGLE_LOG,1295,85736108,4000,3503
ANGLE_LOG,1296,85740108,4000,3503
ANGLE_LOG,1297,85744135,4027,3503
ANGLE_LOG,1298,85748108,3973,3503
ANGLE_LOG,1299,85752108,4000,3503
ANGLE_LOG,1300,85756108,4000,3503
ANGLE_LOG,1301,85760108,4000,3503
ANGLE_LOG,1302,85764135,4027,3503
ANGLE_LOG,1303,85768108,3973,3503
ANGLE_LOG,1304,85772108,4000,3503
ANGLE_LOG,1305,85776108,4000,3503
ANGLE_LOG,1306,85780108,4000,3503
ANGLE_LOG,1307,85784135,4027,3503
ANGLE_LOG,1308,85788108,3973,3503
ANGLE_LOG,1309,85792108,4000,3503
ANGLE_LOG,1310,85796108,4000,3503
ANGLE_LOG,1311,85800108,4000,3503
ANGLE_LOG,1312,85804135,4027,3503
ANGLE_LOG,1313,85808108,3973,3503
ANGLE_LOG,1314,85812108,4000,3503
ANGLE_LOG,1315,85816108,4000,3503
ANGLE_LOG,1316,85820108,4000,3503
ANGLE_LOG,1317,85824135,4027,3503
ANGLE_LOG,1318,85828108,3973,3503
ANGLE_LOG,1319,85832108,4000,3503
ANGLE_LOG,1320,85836108,4000,3503
ANGLE_LOG,1321,85840108,4000,3503
ANGLE_LOG,1322,85844135,4027,3503
ANGLE_LOG,1323,85848108,3973,3503
ANGLE_LOG,1324,85852108,4000,3503
ANGLE_LOG,1325,85856108,4000,3503
ANGLE_LOG,1326,85860108,4000,3503
ANGLE_LOG,1327,85864135,4027,3503
ANGLE_LOG,1328,85868108,3973,3503
ANGLE_LOG,1329,85872108,4000,3503
ANGLE_LOG,1330,85876108,4000,3503
ANGLE_LOG,1331,85880108,4000,3503
ANGLE_LOG,1332,85884135,4027,3503
ANGLE_LOG,1333,85888108,3973,3503
ANGLE_LOG,1334,85892108,4000,3503
ANGLE_LOG,1335,85896108,4000,3503
ANGLE_LOG,1336,85900108,4000,3503
ANGLE_LOG,1337,85904135,4027,3503
ANGLE_LOG,1338,85908108,3973,3503
ANGLE_LOG,1339,85912108,4000,3503
ANGLE_LOG,1340,85916108,4000,3503
ANGLE_LOG,1341,85920108,4000,3503
ANGLE_LOG,1342,85924135,4027,3503
ANGLE_LOG,1343,85928108,3973,3503
ANGLE_LOG,1344,85932108,4000,3503
ANGLE_LOG,1345,85936108,4000,3503
ANGLE_LOG,1346,85940108,4000,3503
ANGLE_LOG,1347,85944135,4027,3503
ANGLE_LOG,1348,85948108,3973,3503
ANGLE_LOG,1349,85952108,4000,3503
ANGLE_LOG,1350,85956108,4000,3503
ANGLE_LOG,1351,85960108,4000,3503
ANGLE_LOG,1352,85964135,4027,3503
ANGLE_LOG,1353,85968108,3973,3503
ANGLE_LOG,1354,85972108,4000,3503
ANGLE_LOG,1355,85976108,4000,3503
ANGLE_LOG,1356,85980108,4000,3503
ANGLE_LOG,1357,85984135,4027,3503
ANGLE_LOG,1358,85988108,3973,3503
ANGLE_LOG,1359,85992108,4000,3503
ANGLE_LOG,1360,85996108,4000,3503
ANGLE_LOG,1361,86000108,4000,3503
ANGLE_LOG,1362,86004135,4027,3503
ANGLE_LOG,1363,86008108,3973,3503
ANGLE_LOG,1364,86012108,4000,3503
ANGLE_LOG,1365,86016108,4000,3503
ANGLE_LOG,1366,86020108,4000,3503
ANGLE_LOG,1367,86024135,4027,3503
ANGLE_LOG,1368,86028108,3973,3503
ANGLE_LOG,1369,86032108,4000,3503
ANGLE_LOG,1370,86036108,4000,3503
ANGLE_LOG,1371,86040108,4000,3503
ANGLE_LOG,1372,86044135,4027,3503
ANGLE_LOG,1373,86048108,3973,3503
ANGLE_LOG,1374,86052108,4000,3503
ANGLE_LOG,1375,86056108,4000,3503
ANGLE_LOG,1376,86060108,4000,3503
ANGLE_LOG,1377,86064135,4027,3503
ANGLE_LOG,1378,86068108,3973,3503
ANGLE_LOG,1379,86072108,4000,3503
ANGLE_LOG,1380,86076108,4000,3503
ANGLE_LOG,1381,86080108,4000,3503
ANGLE_LOG,1382,86084135,4027,3503
ANGLE_LOG,1383,86088108,3973,3503
ANGLE_LOG,1384,86092108,4000,3503
ANGLE_LOG,1385,86096108,4000,3503
ANGLE_LOG,1386,86100108,4000,3503
ANGLE_LOG,1387,86104135,4027,3503
ANGLE_LOG,1388,86108108,3973,3503
ANGLE_LOG,1389,86112108,4000,3503
ANGLE_LOG,1390,86116108,4000,3503
ANGLE_LOG,1391,86120108,4000,3503
ANGLE_LOG,1392,86124135,4027,3503
ANGLE_LOG,1393,86128108,3973,3503
ANGLE_LOG,1394,86132108,4000,3503
ANGLE_LOG,1395,86136108,4000,3503
ANGLE_LOG,1396,86140108,4000,3503
ANGLE_LOG,1397,86144135,4027,3503
ANGLE_LOG,1398,86148108,3973,3503
ANGLE_LOG,1399,86152108,4000,3503
ANGLE_LOG,1400,86156108,4000,3503
ANGLE_LOG,1401,86160108,4000,3503
ANGLE_LOG,1402,86164135,4027,3503
ANGLE_LOG,1403,86168108,3973,3503
ANGLE_LOG,1404,86172108,4000,3503
ANGLE_LOG,1405,86176108,4000,3503
ANGLE_LOG,1406,86180108,4000,3503
ANGLE_LOG,1407,86184135,4027,3503
ANGLE_LOG,1408,86188108,3973,3503
ANGLE_LOG,1409,86192108,4000,3503
ANGLE_LOG,1410,86196108,4000,3503
ANGLE_LOG,1411,86200108,4000,3503
ANGLE_LOG,1412,86204135,4027,3503
ANGLE_LOG,1413,86208108,3973,3503
ANGLE_LOG,1414,86212108,4000,3503
ANGLE_LOG,1415,86216108,4000,3503
ANGLE_LOG,1416,86220108,4000,3503
ANGLE_LOG,1417,86224135,4027,3503
ANGLE_LOG,1418,86228108,3973,3503
ANGLE_LOG,1419,86232108,4000,3503
ANGLE_LOG,1420,86236108,4000,3503
ANGLE_LOG,1421,86240108,4000,3503
ANGLE_LOG,1422,86244135,4027,3503
ANGLE_LOG,1423,86248108,3973,3503
ANGLE_LOG,1424,86252108,4000,3503
ANGLE_LOG,1425,86256108,4000,3503
ANGLE_LOG,1426,86260108,4000,3503
ANGLE_LOG,1427,86264135,4027,3503
ANGLE_LOG,1428,86268108,3973,3503
ANGLE_LOG,1429,86272108,4000,3503
ANGLE_LOG,1430,86276108,4000,3503
ANGLE_LOG,1431,86280108,4000,3503
ANGLE_LOG,1432,86284135,4027,3503
ANGLE_LOG,1433,86288108,3973,3503
ANGLE_LOG,1434,86292108,4000,3503
ANGLE_LOG,1435,86296108,4000,3503
ANGLE_LOG,1436,86300108,4000,3503
ANGLE_LOG,1437,86304135,4027,3503
ANGLE_LOG,1438,86308108,3973,3503
ANGLE_LOG,1439,86312108,4000,3503
ANGLE_LOG,1440,86316108,4000,3503
ANGLE_LOG,1441,86320108,4000,3503
ANGLE_LOG,1442,86324135,4027,3503
ANGLE_LOG,1443,86328108,3973,3503
ANGLE_LOG,1444,86332108,4000,3503
ANGLE_LOG,1445,86336108,4000,3503
ANGLE_LOG,1446,86340108,4000,3503
ANGLE_LOG,1447,86344135,4027,3503
ANGLE_LOG,1448,86348108,3973,3503
ANGLE_LOG,1449,86352108,4000,3503
ANGLE_LOG,1450,86356108,4000,3503
ANGLE_LOG,1451,86360108,4000,3503
ANGLE_LOG,1452,86364135,4027,3503
ANGLE_LOG,1453,86368108,3973,3503
ANGLE_LOG,1454,86372108,4000,3503
ANGLE_LOG,1455,86376108,4000,3503
ANGLE_LOG,1456,86380108,4000,3503
ANGLE_LOG,1457,86384135,4027,3503
ANGLE_LOG,1458,86388108,3973,3503
ANGLE_LOG,1459,86392108,4000,3503
ANGLE_LOG,1460,86396108,4000,3503
ANGLE_LOG,1461,86400108,4000,3503
ANGLE_LOG,1462,86404135,4027,3503
ANGLE_LOG,1463,86408108,3973,3503
ANGLE_LOG,1464,86412108,4000,3503
ANGLE_LOG,1465,86416108,4000,3503
ANGLE_LOG,1466,86420108,4000,3503
ANGLE_LOG,1467,86424135,4027,3503
ANGLE_LOG,1468,86428108,3973,3503
ANGLE_LOG,1469,86432108,4000,3503
ANGLE_LOG,1470,86436108,4000,3503
ANGLE_LOG,1471,86440108,4000,3503
ANGLE_LOG,1472,86444135,4027,3503
ANGLE_LOG,1473,86448108,3973,3503
ANGLE_LOG,1474,86452108,4000,3503
ANGLE_LOG,1475,86456108,4000,3503
ANGLE_LOG,1476,86460108,4000,3503
ANGLE_LOG,1477,86464135,4027,3503
ANGLE_LOG,1478,86468108,3973,3503
ANGLE_LOG,1479,86472108,4000,3503
ANGLE_LOG,1480,86476108,4000,3503
ANGLE_LOG,1481,86480108,4000,3503
ANGLE_LOG,1482,86484135,4027,3503
ANGLE_LOG,1483,86488108,3973,3503
ANGLE_LOG,1484,86492108,4000,3503
ANGLE_LOG,1485,86496108,4000,3503
ANGLE_LOG,1486,86500108,4000,3503
ANGLE_LOG,1487,86504135,4027,3503
ANGLE_LOG,1488,86508108,3973,3503
ANGLE_LOG,1489,86512108,4000,3503
ANGLE_LOG,1490,86516108,4000,3503
ANGLE_LOG,1491,86520108,4000,3503
ANGLE_LOG,1492,86524135,4027,3503
ANGLE_LOG,1493,86528108,3973,3503
ANGLE_LOG,1494,86532108,4000,3503
ANGLE_LOG,1495,86536108,4000,3503
ANGLE_LOG,1496,86540108,4000,3503
ANGLE_LOG,1497,86544135,4027,3503
ANGLE_LOG,1498,86548108,3973,3503
ANGLE_LOG,1499,86552108,4000,3503
ANGLE_LOG,1500,86556108,4000,3503
ANGLE_LOG,1501,86560108,4000,3503
ANGLE_LOG,1502,86564135,4027,3503
ANGLE_LOG,1503,86568108,3973,3503
ANGLE_LOG,1504,86572108,4000,3503
ANGLE_LOG,1505,86576108,4000,3503
ANGLE_LOG,1506,86580108,4000,3503
ANGLE_LOG,1507,86584135,4027,3503
ANGLE_LOG,1508,86588108,3973,3503
ANGLE_LOG,1509,86592108,4000,3503
ANGLE_LOG,1510,86596108,4000,3503
ANGLE_LOG,1511,86600108,4000,3503
ANGLE_LOG,1512,86604135,4027,3503
ANGLE_LOG,1513,86608108,3973,3503
ANGLE_LOG,1514,86612108,4000,3503
ANGLE_LOG,1515,86616108,4000,3503
ANGLE_LOG,1516,86620108,4000,3503
ANGLE_LOG,1517,86624135,4027,3503
ANGLE_LOG,1518,86628108,3973,3503
ANGLE_LOG,1519,86632108,4000,3503
ANGLE_LOG,1520,86636108,4000,3503
ANGLE_LOG,1521,86640108,4000,3503
ANGLE_LOG,1522,86644135,4027,3503
ANGLE_LOG,1523,86648108,3973,3503
ANGLE_LOG,1524,86652108,4000,3503
ANGLE_LOG,1525,86656108,4000,3503
ANGLE_LOG,1526,86660108,4000,3503
ANGLE_LOG,1527,86664135,4027,3503
ANGLE_LOG,1528,86668108,3973,3503
ANGLE_LOG,1529,86672108,4000,3503
ANGLE_LOG,1530,86676108,4000,3503
ANGLE_LOG,1531,86680108,4000,3503
ANGLE_LOG,1532,86684135,4027,3503
ANGLE_LOG,1533,86688108,3973,3503
ANGLE_LOG,1534,86692108,4000,3503
ANGLE_LOG,1535,86696108,4000,3503
ANGLE_LOG,1536,86700108,4000,3503
ANGLE_LOG,1537,86704135,4027,3503
ANGLE_LOG,1538,86708108,3973,3503
ANGLE_LOG,1539,86712108,4000,3503
ANGLE_LOG,1540,86716108,4000,3503
ANGLE_LOG,1541,86720108,4000,3503
ANGLE_LOG,1542,86724135,4027,3503
ANGLE_LOG,1543,86728108,3973,3503
ANGLE_LOG,1544,86732108,4000,3503
ANGLE_LOG,1545,86736108,4000,3503
ANGLE_LOG,1546,86740108,4000,3503
ANGLE_LOG,1547,86744135,4027,3503
ANGLE_LOG,1548,86748108,3973,3503
ANGLE_LOG,1549,86752108,4000,3503
ANGLE_LOG,1550,86756108,4000,3503
ANGLE_LOG,1551,86760108,4000,3503
ANGLE_LOG,1552,86764135,4027,3503
ANGLE_LOG,1553,86768108,3973,3503
ANGLE_LOG,1554,86772108,4000,3503
ANGLE_LOG,1555,86776108,4000,3503
ANGLE_LOG,1556,86780108,4000,3503
ANGLE_LOG,1557,86784135,4027,3503
ANGLE_LOG,1558,86788108,3973,3503
ANGLE_LOG,1559,86792108,4000,3503
ANGLE_LOG,1560,86796108,4000,3503
ANGLE_LOG,1561,86800108,4000,3503
ANGLE_LOG,1562,86804135,4027,3503
ANGLE_LOG,1563,86808108,3973,3503
ANGLE_LOG,1564,86812108,4000,3503
ANGLE_LOG,1565,86816108,4000,3503
ANGLE_LOG,1566,86820108,4000,3503
ANGLE_LOG,1567,86824135,4027,3503
ANGLE_LOG,1568,86828108,3973,3503
ANGLE_LOG,1569,86832108,4000,3503
ANGLE_LOG,1570,86836108,4000,3503
ANGLE_LOG,1571,86840108,4000,3503
ANGLE_LOG,1572,86844135,4027,3503
ANGLE_LOG,1573,86848108,3973,3503
ANGLE_LOG,1574,86852108,4000,3503
ANGLE_LOG,1575,86856108,4000,3503
ANGLE_LOG,1576,86860108,4000,3503
ANGLE_LOG,1577,86864135,4027,3503
ANGLE_LOG,1578,86868108,3973,3503
ANGLE_LOG,1579,86872108,4000,3503
ANGLE_LOG,1580,86876108,4000,3503
ANGLE_LOG,1581,86880108,4000,3503
ANGLE_LOG,1582,86884135,4027,3503
ANGLE_LOG,1583,86888108,3973,3503
ANGLE_LOG,1584,86892108,4000,3503
ANGLE_LOG,1585,86896108,4000,3503
ANGLE_LOG,1586,86900108,4000,3503
ANGLE_LOG,1587,86904135,4027,3503
ANGLE_LOG,1588,86908108,3973,3503
ANGLE_LOG,1589,86912108,4000,3503
ANGLE_LOG,1590,86916108,4000,3503
ANGLE_LOG,1591,86920108,4000,3503
ANGLE_LOG,1592,86924135,4027,3503
ANGLE_LOG,1593,86928108,3973,3503
ANGLE_LOG,1594,86932108,4000,3503
ANGLE_LOG,1595,86936108,4000,3503
ANGLE_LOG,1596,86940108,4000,3503
ANGLE_LOG,1597,86944135,4027,3503
ANGLE_LOG,1598,86948108,3973,3503
ANGLE_LOG,1599,86952108,4000,3503
ANGLE_LOG,1600,86956108,4000,3503
ANGLE_LOG,1601,86960108,4000,3503
ANGLE_LOG,1602,86964135,4027,3503
ANGLE_LOG,1603,86968108,3973,3503
ANGLE_LOG,1604,86972108,4000,3503
ANGLE_LOG,1605,86976108,4000,3503
ANGLE_LOG,1606,86980107,3999,3503
ANGLE_LOG,1607,86984135,4028,3503
ANGLE_LOG,1608,86988108,3973,3503
ANGLE_LOG,1609,86992108,4000,3503
ANGLE_LOG,1610,86996108,4000,3503
ANGLE_LOG,1611,87000108,4000,3503
ANGLE_LOG,1612,87004135,4027,3503
ANGLE_LOG,1613,87008108,3973,3503
ANGLE_LOG,1614,87012108,4000,3503
ANGLE_LOG,1615,87016108,4000,3503
ANGLE_LOG,1616,87020108,4000,3503
ANGLE_LOG,1617,87024135,4027,3503
ANGLE_LOG,1618,87028108,3973,3503
ANGLE_LOG,1619,87032108,4000,3503
ANGLE_LOG,1620,87036108,4000,3503
ANGLE_LOG,1621,87040108,4000,3503
ANGLE_LOG,1622,87044135,4027,3503
ANGLE_LOG,1623,87048108,3973,3503
ANGLE_LOG,1624,87052108,4000,3503
ANGLE_LOG,1625,87056108,4000,3503
ANGLE_LOG,1626,87060108,4000,3503
ANGLE_LOG,1627,87064135,4027,3503
ANGLE_LOG,1628,87068108,3973,3503
ANGLE_LOG,1629,87072108,4000,3503
ANGLE_LOG,1630,87076108,4000,3503
ANGLE_LOG,1631,87080108,4000,3503
ANGLE_LOG,1632,87084135,4027,3503
ANGLE_LOG,1633,87088108,3973,3503
ANGLE_LOG,1634,87092108,4000,3503
ANGLE_LOG,1635,87096108,4000,3503
ANGLE_LOG,1636,87100108,4000,3503
ANGLE_LOG,1637,87104135,4027,3503
ANGLE_LOG,1638,87108108,3973,3503
ANGLE_LOG,1639,87112108,4000,3503
ANGLE_LOG,1640,87116108,4000,3503
ANGLE_LOG,1641,87120108,4000,3503
ANGLE_LOG,1642,87124135,4027,3503
ANGLE_LOG,1643,87128108,3973,3503
ANGLE_LOG,1644,87132108,4000,3503
ANGLE_LOG,1645,87136108,4000,3503
ANGLE_LOG,1646,87140108,4000,3503
ANGLE_LOG,1647,87144135,4027,3503
ANGLE_LOG,1648,87148108,3973,3503
ANGLE_LOG,1649,87152108,4000,3503
ANGLE_LOG,1650,87156108,4000,3503
ANGLE_LOG,1651,87160108,4000,3503
ANGLE_LOG,1652,87164135,4027,3503
ANGLE_LOG,1653,87168108,3973,3503
ANGLE_LOG,1654,87172108,4000,3503
ANGLE_LOG,1655,87176108,4000,3503
ANGLE_LOG,1656,87180108,4000,3503
ANGLE_LOG,1657,87184135,4027,3503
ANGLE_LOG,1658,87188108,3973,3503
ANGLE_LOG,1659,87192108,4000,3503
ANGLE_LOG,1660,87196108,4000,3503
ANGLE_LOG,1661,87200108,4000,3503
ANGLE_LOG,1662,87204135,4027,3503
ANGLE_LOG,1663,87208108,3973,3503
ANGLE_LOG,1664,87212108,4000,3503
ANGLE_LOG,1665,87216108,4000,3503
ANGLE_LOG,1666,87220108,4000,3503
ANGLE_LOG,1667,87224135,4027,3503
ANGLE_LOG,1668,87228108,3973,3503
ANGLE_LOG,1669,87232108,4000,3503
ANGLE_LOG,1670,87236108,4000,3503
ANGLE_LOG,1671,87240108,4000,3503
ANGLE_LOG,1672,87244135,4027,3503
ANGLE_LOG,1673,87248108,3973,3503
ANGLE_LOG,1674,87252108,4000,3503
ANGLE_LOG,1675,87256108,4000,3503
ANGLE_LOG,1676,87260108,4000,3503
ANGLE_LOG,1677,87264135,4027,3503
ANGLE_LOG,1678,87268108,3973,3503
ANGLE_LOG,1679,87272108,4000,3503
ANGLE_LOG,1680,87276108,4000,3503
ANGLE_LOG,1681,87280108,4000,3503
ANGLE_LOG,1682,87284135,4027,3503
ANGLE_LOG,1683,87288108,3973,3503
ANGLE_LOG,1684,87292108,4000,3503
ANGLE_LOG,1685,87296108,4000,3503
ANGLE_LOG,1686,87300108,4000,3503
ANGLE_LOG,1687,87304135,4027,3503
ANGLE_LOG,1688,87308108,3973,3503
ANGLE_LOG,1689,87312108,4000,3503
ANGLE_LOG,1690,87316108,4000,3503
ANGLE_LOG,1691,87320108,4000,3503
ANGLE_LOG,1692,87324135,4027,3503
ANGLE_LOG,1693,87328108,3973,3503
ANGLE_LOG,1694,87332108,4000,3503
ANGLE_LOG,1695,87336108,4000,3503
ANGLE_LOG,1696,87340108,4000,3503
ANGLE_LOG,1697,87344135,4027,3503
ANGLE_LOG,1698,87348108,3973,3503
ANGLE_LOG,1699,87352108,4000,3503
ANGLE_LOG,1700,87356108,4000,3503
ANGLE_LOG,1701,87360108,4000,3503
ANGLE_LOG,1702,87364135,4027,3503
ANGLE_LOG,1703,87368108,3973,3503
ANGLE_LOG,1704,87372108,4000,3503
ANGLE_LOG,1705,87376108,4000,3503
ANGLE_LOG,1706,87380108,4000,3503
ANGLE_LOG,1707,87384135,4027,3503
ANGLE_LOG,1708,87388108,3973,3503
ANGLE_LOG,1709,87392108,4000,3503
ANGLE_LOG,1710,87396108,4000,3503
ANGLE_LOG,1711,87400108,4000,3503
ANGLE_LOG,1712,87404135,4027,3503
ANGLE_LOG,1713,87408108,3973,3503
ANGLE_LOG,1714,87412108,4000,3503
ANGLE_LOG,1715,87416108,4000,3503
ANGLE_LOG,1716,87420108,4000,3503
ANGLE_LOG,1717,87424135,4027,3503
ANGLE_LOG,1718,87428108,3973,3503
ANGLE_LOG,1719,87432108,4000,3503
ANGLE_LOG,1720,87436108,4000,3503
ANGLE_LOG,1721,87440108,4000,3503
ANGLE_LOG,1722,87444135,4027,3503
ANGLE_LOG,1723,87448108,3973,3503
ANGLE_LOG,1724,87452108,4000,3503
ANGLE_LOG,1725,87456108,4000,3503
ANGLE_LOG,1726,87460108,4000,3503
ANGLE_LOG,1727,87464135,4027,3503
ANGLE_LOG,1728,87468108,3973,3503
ANGLE_LOG,1729,87472108,4000,3503
ANGLE_LOG,1730,87476108,4000,3503
ANGLE_LOG,1731,87480108,4000,3503
ANGLE_LOG,1732,87484135,4027,3503
ANGLE_LOG,1733,87488108,3973,3503
ANGLE_LOG,1734,87492108,4000,3503
ANGLE_LOG,1735,87496108,4000,3503
ANGLE_LOG,1736,87500108,4000,3503
ANGLE_LOG,1737,87504135,4027,3503
ANGLE_LOG,1738,87508108,3973,3503
ANGLE_LOG,1739,87512108,4000,3503
ANGLE_LOG,1740,87516108,4000,3503
ANGLE_LOG,1741,87520108,4000,3503
ANGLE_LOG,1742,87524135,4027,3503
ANGLE_LOG,1743,87528108,3973,3503
ANGLE_LOG,1744,87532108,4000,3503
ANGLE_LOG,1745,87536108,4000,3503
ANGLE_LOG,1746,87540108,4000,3503
ANGLE_LOG,1747,87544135,4027,3503
ANGLE_LOG,1748,87548108,3973,3503
ANGLE_LOG,1749,87552108,4000,3503
ANGLE_LOG,1750,87556108,4000,3503
ANGLE_LOG,1751,87560108,4000,3503
ANGLE_LOG,1752,87564135,4027,3503
ANGLE_LOG,1753,87568108,3973,3503
ANGLE_LOG,1754,87572108,4000,3503
ANGLE_LOG,1755,87576108,4000,3503
ANGLE_LOG,1756,87580108,4000,3503
ANGLE_LOG,1757,87584135,4027,3503
ANGLE_LOG,1758,87588108,3973,3503
ANGLE_LOG,1759,87592108,4000,3503
ANGLE_LOG,1760,87596108,4000,3503
ANGLE_LOG,1761,87600108,4000,3503
ANGLE_LOG,1762,87604135,4027,3503
ANGLE_LOG,1763,87608108,3973,3503
ANGLE_LOG,1764,87612108,4000,3503
ANGLE_LOG,1765,87616108,4000,3503
ANGLE_LOG,1766,87620108,4000,3503
ANGLE_LOG,1767,87624135,4027,3503
ANGLE_LOG,1768,87628108,3973,3503
ANGLE_LOG,1769,87632108,4000,3503
ANGLE_LOG,1770,87636108,4000,3503
ANGLE_LOG,1771,87640108,4000,3503
ANGLE_LOG,1772,87644135,4027,3503
ANGLE_LOG,1773,87648108,3973,3503
ANGLE_LOG,1774,87652108,4000,3503
ANGLE_LOG,1775,87656108,4000,3503
ANGLE_LOG,1776,87660108,4000,3503
ANGLE_LOG,1777,87664135,4027,3503
ANGLE_LOG,1778,87668108,3973,3503
ANGLE_LOG,1779,87672108,4000,3503
ANGLE_LOG,1780,87676108,4000,3503
ANGLE_LOG,1781,87680108,4000,3503
ANGLE_LOG,1782,87684135,4027,3503
ANGLE_LOG,1783,87688108,3973,3503
ANGLE_LOG,1784,87692108,4000,3503
ANGLE_LOG,1785,87696108,4000,3503
ANGLE_LOG,1786,87700108,4000,3503
ANGLE_LOG,1787,87704135,4027,3503
ANGLE_LOG,1788,87708108,3973,3503
ANGLE_LOG,1789,87712108,4000,3503
ANGLE_LOG,1790,87716108,4000,3503
ANGLE_LOG,1791,87720108,4000,3503
ANGLE_LOG,1792,87724135,4027,3503
ANGLE_LOG,1793,87728108,3973,3503
ANGLE_LOG,1794,87732108,4000,3503
ANGLE_LOG,1795,87736108,4000,3503
ANGLE_LOG,1796,87740108,4000,3503
ANGLE_LOG,1797,87744135,4027,3503
ANGLE_LOG,1798,87748108,3973,3503
ANGLE_LOG,1799,87752108,4000,3503
ANGLE_LOG,1800,87756108,4000,3503
ANGLE_LOG,1801,87760108,4000,3503
ANGLE_LOG,1802,87764135,4027,3503
ANGLE_LOG,1803,87768108,3973,3503
ANGLE_LOG,1804,87772108,4000,3503
ANGLE_LOG,1805,87776108,4000,3503
ANGLE_LOG,1806,87780108,4000,3503
ANGLE_LOG,1807,87784135,4027,3503
ANGLE_LOG,1808,87788108,3973,3503
ANGLE_LOG,1809,87792108,4000,3503
ANGLE_LOG,1810,87796108,4000,3503
ANGLE_LOG,1811,87800108,4000,3503
ANGLE_LOG,1812,87804135,4027,3503
ANGLE_LOG,1813,87808108,3973,3503
ANGLE_LOG,1814,87812108,4000,3503
ANGLE_LOG,1815,87816108,4000,3503
ANGLE_LOG,1816,87820108,4000,3503
ANGLE_LOG,1817,87824135,4027,3503
ANGLE_LOG,1818,87828108,3973,3503
ANGLE_LOG,1819,87832108,4000,3503
ANGLE_LOG,1820,87836108,4000,3503
ANGLE_LOG,1821,87840108,4000,3503
ANGLE_LOG,1822,87844135,4027,3503
ANGLE_LOG,1823,87848108,3973,3503
ANGLE_LOG,1824,87852108,4000,3503
ANGLE_LOG,1825,87856108,4000,3503
ANGLE_LOG,1826,87860108,4000,3503
ANGLE_LOG,1827,87864135,4027,3503
ANGLE_LOG,1828,87868108,3973,3503
ANGLE_LOG,1829,87872108,4000,3503
ANGLE_LOG,1830,87876108,4000,3503
ANGLE_LOG,1831,87880108,4000,3503
ANGLE_LOG,1832,87884135,4027,3503
ANGLE_LOG,1833,87888108,3973,3503
ANGLE_LOG,1834,87892108,4000,3503
ANGLE_LOG,1835,87896108,4000,3503
ANGLE_LOG,1836,87900107,3999,3503
ANGLE_LOG,1837,87904135,4028,3503
ANGLE_LOG,1838,87908108,3973,3503
ANGLE_LOG,1839,87912108,4000,3503
ANGLE_LOG,1840,87916108,4000,3503
ANGLE_LOG,1841,87920108,4000,3503
ANGLE_LOG,1842,87924135,4027,3503
ANGLE_LOG,1843,87928108,3973,3503
ANGLE_LOG,1844,87932108,4000,3503
ANGLE_LOG,1845,87936108,4000,3503
ANGLE_LOG,1846,87940108,4000,3503
ANGLE_LOG,1847,87944135,4027,3503
ANGLE_LOG,1848,87948108,3973,3503
ANGLE_LOG,1849,87952108,4000,3503
ANGLE_LOG,1850,87956108,4000,3503
ANGLE_LOG,1851,87960108,4000,3503
ANGLE_LOG,1852,87964135,4027,3503
ANGLE_LOG,1853,87968108,3973,3503
ANGLE_LOG,1854,87972108,4000,3503
ANGLE_LOG,1855,87976108,4000,3503
ANGLE_LOG,1856,87980108,4000,3503
ANGLE_LOG,1857,87984135,4027,3503
ANGLE_LOG,1858,87988108,3973,3503
ANGLE_LOG,1859,87992108,4000,3503
ANGLE_LOG,1860,87996108,4000,3503
ANGLE_LOG,1861,88000108,4000,3503
ANGLE_LOG,1862,88004135,4027,3503
ANGLE_LOG,1863,88008108,3973,3503
ANGLE_LOG,1864,88012108,4000,3503
ANGLE_LOG,1865,88016108,4000,3503
ANGLE_LOG,1866,88020108,4000,3503
ANGLE_LOG,1867,88024135,4027,3503
ANGLE_LOG,1868,88028108,3973,3503
ANGLE_LOG,1869,88032108,4000,3503
ANGLE_LOG,1870,88036108,4000,3503
ANGLE_LOG,1871,88040108,4000,3503
ANGLE_LOG,1872,88044135,4027,3503
ANGLE_LOG,1873,88048108,3973,3503
ANGLE_LOG,1874,88052108,4000,3503
ANGLE_LOG,1875,88056108,4000,3503
ANGLE_LOG,1876,88060108,4000,3503
ANGLE_LOG,1877,88064135,4027,3503
ANGLE_LOG,1878,88068108,3973,3503
ANGLE_LOG,1879,88072108,4000,3503
ANGLE_LOG,1880,88076108,4000,3503
ANGLE_LOG,1881,88080108,4000,3503
ANGLE_LOG,1882,88084135,4027,3503
ANGLE_LOG,1883,88088108,3973,3503
ANGLE_LOG,1884,88092108,4000,3503
ANGLE_LOG,1885,88096108,4000,3503
ANGLE_LOG,1886,88100108,4000,3503
ANGLE_LOG,1887,88104135,4027,3503
ANGLE_LOG,1888,88108108,3973,3503
ANGLE_LOG,1889,88112108,4000,3503
ANGLE_LOG,1890,88116108,4000,3503
ANGLE_LOG,1891,88120108,4000,3503
ANGLE_LOG,1892,88124135,4027,3503
ANGLE_LOG,1893,88128108,3973,3503
ANGLE_LOG,1894,88132108,4000,3503
ANGLE_LOG,1895,88136108,4000,3503
ANGLE_LOG,1896,88140108,4000,3503
ANGLE_LOG,1897,88144135,4027,3503
ANGLE_LOG,1898,88148108,3973,3503
ANGLE_LOG,1899,88152108,4000,3503
ANGLE_LOG,1900,88156108,4000,3503
ANGLE_LOG,1901,88160108,4000,3503
ANGLE_LOG,1902,88164135,4027,3503
ANGLE_LOG,1903,88168108,3973,3503
ANGLE_LOG,1904,88172108,4000,3503
ANGLE_LOG,1905,88176108,4000,3503
ANGLE_LOG,1906,88180108,4000,3503
ANGLE_LOG,1907,88184135,4027,3503
ANGLE_LOG,1908,88188108,3973,3503
ANGLE_LOG,1909,88192108,4000,3503
ANGLE_LOG,1910,88196108,4000,3503
ANGLE_LOG,1911,88200108,4000,3503
ANGLE_LOG,1912,88204135,4027,3503
ANGLE_LOG,1913,88208108,3973,3503
ANGLE_LOG,1914,88212108,4000,3503
ANGLE_LOG,1915,88216108,4000,3503
ANGLE_LOG,1916,88220108,4000,3503
ANGLE_LOG,1917,88224135,4027,3503
ANGLE_LOG,1918,88228108,3973,3503
ANGLE_LOG,1919,88232108,4000,3503
ANGLE_LOG,1920,88236108,4000,3503
ANGLE_LOG,1921,88240108,4000,3503
ANGLE_LOG,1922,88244135,4027,3503
ANGLE_LOG,1923,88248108,3973,3503
ANGLE_LOG,1924,88252108,4000,3503
ANGLE_LOG,1925,88256108,4000,3503
ANGLE_LOG,1926,88260108,4000,3503
ANGLE_LOG,1927,88264135,4027,3503
ANGLE_LOG,1928,88268108,3973,3503
ANGLE_LOG,1929,88272108,4000,3503
ANGLE_LOG,1930,88276108,4000,3503
ANGLE_LOG,1931,88280108,4000,3503
ANGLE_LOG,1932,88284135,4027,3503
ANGLE_LOG,1933,88288108,3973,3503
ANGLE_LOG,1934,88292108,4000,3503
ANGLE_LOG,1935,88296108,4000,3503
ANGLE_LOG,1936,88300108,4000,3503
ANGLE_LOG,1937,88304135,4027,3503
ANGLE_LOG,1938,88308108,3973,3503
ANGLE_LOG,1939,88312108,4000,3503
ANGLE_LOG,1940,88316108,4000,3503
ANGLE_LOG,1941,88320108,4000,3503
ANGLE_LOG,1942,88324135,4027,3503
ANGLE_LOG,1943,88328108,3973,3503
ANGLE_LOG,1944,88332108,4000,3503
ANGLE_LOG,1945,88336108,4000,3503
ANGLE_LOG,1946,88340108,4000,3503
ANGLE_LOG,1947,88344135,4027,3503
ANGLE_LOG,1948,88348108,3973,3503
ANGLE_LOG,1949,88352108,4000,3503
ANGLE_LOG,1950,88356108,4000,3503
ANGLE_LOG,1951,88360108,4000,3503
ANGLE_LOG,1952,88364135,4027,3503
ANGLE_LOG,1953,88368108,3973,3503
ANGLE_LOG,1954,88372108,4000,3503
ANGLE_LOG,1955,88376108,4000,3503
ANGLE_LOG,1956,88380108,4000,3503
ANGLE_LOG,1957,88384135,4027,3503
ANGLE_LOG,1958,88388108,3973,3503
ANGLE_LOG,1959,88392108,4000,3503
ANGLE_LOG,1960,88396108,4000,3503
ANGLE_LOG,1961,88400108,4000,3503
ANGLE_LOG,1962,88404135,4027,3503
ANGLE_LOG,1963,88408108,3973,3503
ANGLE_LOG,1964,88412108,4000,3503
ANGLE_LOG,1965,88416108,4000,3503
ANGLE_LOG,1966,88420108,4000,3503
ANGLE_LOG,1967,88424135,4027,3503
ANGLE_LOG,1968,88428108,3973,3503
ANGLE_LOG,1969,88432108,4000,3503
ANGLE_LOG,1970,88436108,4000,3503
ANGLE_LOG,1971,88440108,4000,3503
ANGLE_LOG,1972,88444135,4027,3503
ANGLE_LOG,1973,88448108,3973,3503
ANGLE_LOG,1974,88452108,4000,3503
ANGLE_LOG,1975,88456108,4000,3503
ANGLE_LOG,1976,88460108,4000,3503
ANGLE_LOG,1977,88464135,4027,3503
ANGLE_LOG,1978,88468108,3973,3503
ANGLE_LOG,1979,88472108,4000,3503
ANGLE_LOG,1980,88476108,4000,3503
ANGLE_LOG,1981,88480108,4000,3503
ANGLE_LOG,1982,88484135,4027,3503
ANGLE_LOG,1983,88488108,3973,3503
ANGLE_LOG,1984,88492108,4000,3503
ANGLE_LOG,1985,88496108,4000,3503
ANGLE_LOG,1986,88500108,4000,3503
ANGLE_LOG,1987,88504135,4027,3503
ANGLE_LOG,1988,88508108,3973,3503
ANGLE_LOG,1989,88512108,4000,3503
ANGLE_LOG,1990,88516108,4000,3503
ANGLE_LOG,1991,88520108,4000,3503
ANGLE_LOG,1992,88524135,4027,3503
ANGLE_LOG,1993,88528108,3973,3503
ANGLE_LOG,1994,88532108,4000,3503
ANGLE_LOG,1995,88536108,4000,3503
ANGLE_LOG,1996,88540108,4000,3503
ANGLE_LOG,1997,88544135,4027,3503
ANGLE_LOG,1998,88548108,3973,3503
ANGLE_LOG,1999,88552108,4000,3503
ANGLE_LOG,2000,88556108,4000,3503
ANGLE_LOG,2001,88560108,4000,3503
ANGLE_LOG,2002,88564135,4027,3503
ANGLE_LOG,2003,88568108,3973,3503
ANGLE_LOG,2004,88572108,4000,3503
ANGLE_LOG,2005,88576108,4000,3503
ANGLE_LOG,2006,88580108,4000,3503
ANGLE_LOG,2007,88584135,4027,3503
ANGLE_LOG,2008,88588108,3973,3503
ANGLE_LOG,2009,88592108,4000,3503
ANGLE_LOG,2010,88596108,4000,3503
ANGLE_LOG,2011,88600108,4000,3503
ANGLE_LOG,2012,88604135,4027,3503
ANGLE_LOG,2013,88608108,3973,3503
ANGLE_LOG,2014,88612108,4000,3503
ANGLE_LOG,2015,88616108,4000,3503
ANGLE_LOG,2016,88620108,4000,3503
ANGLE_LOG,2017,88624135,4027,3503
ANGLE_LOG,2018,88628108,3973,3503
ANGLE_LOG,2019,88632108,4000,3503
ANGLE_LOG,2020,88636108,4000,3503
ANGLE_LOG,2021,88640108,4000,3503
ANGLE_LOG,2022,88644135,4027,3503
ANGLE_LOG,2023,88648108,3973,3503
ANGLE_LOG,2024,88652108,4000,3503
ANGLE_LOG,2025,88656108,4000,3503
ANGLE_LOG,2026,88660108,4000,3503
ANGLE_LOG,2027,88664135,4027,3503
ANGLE_LOG,2028,88668108,3973,3503
ANGLE_LOG,2029,88672108,4000,3503
ANGLE_LOG,2030,88676108,4000,3503
ANGLE_LOG,2031,88680108,4000,3503
ANGLE_LOG,2032,88684135,4027,3503
ANGLE_LOG,2033,88688108,3973,3503
ANGLE_LOG,2034,88692108,4000,3503
ANGLE_LOG,2035,88696108,4000,3503
ANGLE_LOG,2036,88700108,4000,3503
ANGLE_LOG,2037,88704135,4027,3503
ANGLE_LOG,2038,88708108,3973,3503
ANGLE_LOG,2039,88712108,4000,3503
ANGLE_LOG,2040,88716108,4000,3503
ANGLE_LOG,2041,88720108,4000,3503
ANGLE_LOG,2042,88724135,4027,3503
ANGLE_LOG,2043,88728108,3973,3503
ANGLE_LOG,2044,88732108,4000,3503
ANGLE_LOG,2045,88736108,4000,3503
ANGLE_LOG,2046,88740108,4000,3503
ANGLE_LOG,2047,88744150,4042,3503
ANGLE_LOG_END
